# E-Efermi, percentage polarization,Tuu,Tdd,Tdu,Tud 
 -2.00  0.00000013  3.35630e-01  3.35630e-01  6.73259e-08  6.68886e-08
 -1.99  0.00000013  3.34811e-01  3.34811e-01  6.65461e-08  6.61117e-08
 -1.98  0.00000013  3.34005e-01  3.34005e-01  6.57809e-08  6.53492e-08
 -1.97  0.00000012  3.33212e-01  3.33212e-01  6.50300e-08  6.46009e-08
 -1.96  0.00000012  3.32432e-01  3.32432e-01  6.42929e-08  6.38665e-08
 -1.95  0.00000012  3.31664e-01  3.31664e-01  6.35694e-08  6.31455e-08
 -1.94  0.00000012  3.30907e-01  3.30907e-01  6.28592e-08  6.24376e-08
 -1.93  0.00000012  3.30162e-01  3.30162e-01  6.21618e-08  6.17426e-08
 -1.92  0.00000012  3.29429e-01  3.29429e-01  6.14771e-08  6.10602e-08
 -1.91  0.00000012  3.28707e-01  3.28707e-01  6.08048e-08  6.03900e-08
 -1.90  0.00000011  3.27996e-01  3.27996e-01  6.01444e-08  5.97318e-08
 -1.89  0.00000011  3.27296e-01  3.27296e-01  5.94959e-08  5.90854e-08
 -1.88  0.00000011  3.26607e-01  3.26607e-01  5.88588e-08  5.84503e-08
 -1.87  0.00000011  3.25928e-01  3.25928e-01  5.82330e-08  5.78264e-08
 -1.86  0.00000011  3.25259e-01  3.25259e-01  5.76182e-08  5.72135e-08
 -1.85  0.00000011  3.24599e-01  3.24599e-01  5.70141e-08  5.66112e-08
 -1.84  0.00000011  3.23950e-01  3.23950e-01  5.64204e-08  5.60193e-08
 -1.83  0.00000011  3.23311e-01  3.23311e-01  5.58371e-08  5.54377e-08
 -1.82  0.00000010  3.22680e-01  3.22680e-01  5.52637e-08  5.48660e-08
 -1.81  0.00000010  3.22059e-01  3.22059e-01  5.47002e-08  5.43041e-08
 -1.80  0.00000010  3.21447e-01  3.21447e-01  5.41463e-08  5.37517e-08
 -1.79  0.00000010  3.20844e-01  3.20844e-01  5.36017e-08  5.32087e-08
 -1.78  0.00000010  3.20249e-01  3.20249e-01  5.30663e-08  5.26748e-08
 -1.77  0.00000010  3.19663e-01  3.19663e-01  5.25399e-08  5.21498e-08
 -1.76  0.00000010  3.19086e-01  3.19086e-01  5.20223e-08  5.16335e-08
 -1.75  0.00000010  3.18516e-01  3.18516e-01  5.15133e-08  5.11259e-08
 -1.74  0.00000010  3.17955e-01  3.17955e-01  5.10127e-08  5.06265e-08
 -1.73  0.00000009  3.17401e-01  3.17401e-01  5.05203e-08  5.01354e-08
 -1.72  0.00000009  3.16856e-01  3.16856e-01  5.00360e-08  4.96523e-08
 -1.71  0.00000009  3.16318e-01  3.16318e-01  4.95596e-08  4.91770e-08
 -1.70  0.00000009  3.15787e-01  3.15787e-01  4.90909e-08  4.87094e-08
 -1.69  0.00000009  3.15264e-01  3.15264e-01  4.86297e-08  4.82494e-08
 -1.68  0.00000009  3.14748e-01  3.14748e-01  4.81760e-08  4.77967e-08
 -1.67  0.00000009  3.14239e-01  3.14239e-01  4.77295e-08  4.73512e-08
 -1.66  0.00000009  3.13737e-01  3.13737e-01  4.72901e-08  4.69129e-08
 -1.65  0.00000009  3.13241e-01  3.13241e-01  4.68577e-08  4.64814e-08
 -1.64  0.00000009  3.12753e-01  3.12753e-01  4.64321e-08  4.60567e-08
 -1.63  0.00000009  3.12271e-01  3.12271e-01  4.60132e-08  4.56387e-08
 -1.62  0.00000008  3.11795e-01  3.11795e-01  4.56008e-08  4.52271e-08
 -1.61  0.00000008  3.11326e-01  3.11326e-01  4.51948e-08  4.48220e-08
 -1.60  0.00000008  3.10863e-01  3.10863e-01  4.47951e-08  4.44231e-08
 -1.59  0.00000008  3.10407e-01  3.10407e-01  4.44016e-08  4.40304e-08
 -1.58  0.00000008  3.09956e-01  3.09956e-01  4.40141e-08  4.36436e-08
 -1.57  0.00000008  3.09511e-01  3.09511e-01  4.36325e-08  4.32628e-08
 -1.56  0.00000008  3.09072e-01  3.09072e-01  4.32568e-08  4.28877e-08
 -1.55  0.00000008  3.08639e-01  3.08639e-01  4.28867e-08  4.25183e-08
 -1.54  0.00000008  3.08211e-01  3.08211e-01  4.25222e-08  4.21544e-08
 -1.53  0.00000008  3.07789e-01  3.07789e-01  4.21632e-08  4.17960e-08
 -1.52  0.00000008  3.07372e-01  3.07372e-01  4.18095e-08  4.14430e-08
 -1.51  0.00000008  3.06961e-01  3.06961e-01  4.14612e-08  4.10951e-08
 -1.50  0.00000008  3.06555e-01  3.06555e-01  4.11179e-08  4.07524e-08
 -1.49  0.00000007  3.06154e-01  3.06154e-01  4.07798e-08  4.04148e-08
 -1.48  0.00000007  3.05758e-01  3.05758e-01  4.04466e-08  4.00821e-08
 -1.47  0.00000007  3.05367e-01  3.05367e-01  4.01183e-08  3.97543e-08
 -1.46  0.00000007  3.04981e-01  3.04981e-01  3.97947e-08  3.94312e-08
 -1.45  0.00000007  3.04600e-01  3.04600e-01  3.94759e-08  3.91128e-08
 -1.44  0.00000007  3.04223e-01  3.04223e-01  3.91617e-08  3.87990e-08
 -1.43  0.00000007  3.03851e-01  3.03851e-01  3.88520e-08  3.84897e-08
 -1.42  0.00000007  3.03484e-01  3.03484e-01  3.85467e-08  3.81848e-08
 -1.41  0.00000007  3.03122e-01  3.03122e-01  3.82458e-08  3.78843e-08
 -1.40  0.00000007  3.02763e-01  3.02763e-01  3.79492e-08  3.75880e-08
 -1.39  0.00000007  3.02410e-01  3.02410e-01  3.76568e-08  3.72959e-08
 -1.38  0.00000007  3.02060e-01  3.02060e-01  3.73685e-08  3.70079e-08
 -1.37  0.00000007  3.01715e-01  3.01715e-01  3.70843e-08  3.67240e-08
 -1.36  0.00000007  3.01374e-01  3.01374e-01  3.68040e-08  3.64440e-08
 -1.35  0.00000007  3.01037e-01  3.01037e-01  3.65276e-08  3.61679e-08
 -1.34  0.00000007  3.00704e-01  3.00704e-01  3.62551e-08  3.58956e-08
 -1.33  0.00000007  3.00375e-01  3.00375e-01  3.59864e-08  3.56271e-08
 -1.32  0.00000006  3.00050e-01  3.00050e-01  3.57213e-08  3.53622e-08
 -1.31  0.00000006  2.99728e-01  2.99728e-01  3.54600e-08  3.51010e-08
 -1.30  0.00000006  2.99411e-01  2.99411e-01  3.52021e-08  3.48434e-08
 -1.29  0.00000006  2.99097e-01  2.99097e-01  3.49478e-08  3.45892e-08
 -1.28  0.00000006  2.98787e-01  2.98787e-01  3.46970e-08  3.43385e-08
 -1.27  0.00000006  2.98481e-01  2.98481e-01  3.44495e-08  3.40912e-08
 -1.26  0.00000006  2.98178e-01  2.98178e-01  3.42054e-08  3.38472e-08
 -1.25  0.00000006  2.97879e-01  2.97879e-01  3.39645e-08  3.36065e-08
 -1.24  0.00000006  2.97583e-01  2.97583e-01  3.37269e-08  3.33689e-08
 -1.23  0.00000006  2.97290e-01  2.97290e-01  3.34925e-08  3.31346e-08
 -1.22  0.00000006  2.97001e-01  2.97001e-01  3.32611e-08  3.29033e-08
 -1.21  0.00000006  2.96716e-01  2.96716e-01  3.30329e-08  3.26751e-08
 -1.20  0.00000006  2.96433e-01  2.96433e-01  3.28076e-08  3.24499e-08
 -1.19  0.00000006  2.96154e-01  2.96154e-01  3.25853e-08  3.22276e-08
 -1.18  0.00000006  2.95878e-01  2.95878e-01  3.23659e-08  3.20082e-08
 -1.17  0.00000006  2.95605e-01  2.95605e-01  3.21494e-08  3.17917e-08
 -1.16  0.00000006  2.95335e-01  2.95335e-01  3.19357e-08  3.15780e-08
 -1.15  0.00000006  2.95068e-01  2.95068e-01  3.17247e-08  3.13670e-08
 -1.14  0.00000006  2.94804e-01  2.94804e-01  3.15165e-08  3.11588e-08
 -1.13  0.00000006  2.94543e-01  2.94543e-01  3.13110e-08  3.09532e-08
 -1.12  0.00000006  2.94285e-01  2.94285e-01  3.11081e-08  3.07503e-08
 -1.11  0.00000005  2.94030e-01  2.94030e-01  3.09078e-08  3.05499e-08
 -1.10  0.00000005  2.93777e-01  2.93777e-01  3.07100e-08  3.03521e-08
 -1.09  0.00000005  2.93528e-01  2.93528e-01  3.05148e-08  3.01568e-08
 -1.08  0.00000005  2.93281e-01  2.93281e-01  3.03220e-08  2.99640e-08
 -1.07  0.00000005  2.93037e-01  2.93037e-01  3.01317e-08  2.97736e-08
 -1.06  0.00000005  2.92795e-01  2.92795e-01  2.99438e-08  2.95855e-08
 -1.05  0.00000005  2.92556e-01  2.92556e-01  2.97582e-08  2.93998e-08
 -1.04  0.00000005  2.92320e-01  2.92320e-01  2.95750e-08  2.92165e-08
 -1.03  0.00000005  2.92086e-01  2.92086e-01  2.93940e-08  2.90354e-08
 -1.02  0.00000005  2.91855e-01  2.91855e-01  2.92153e-08  2.88565e-08
 -1.01  0.00000005  2.91626e-01  2.91626e-01  2.90388e-08  2.86799e-08
 -1.00  0.00000005  2.91400e-01  2.91400e-01  2.88645e-08  2.85054e-08
 -0.99  0.00000005  2.91176e-01  2.91176e-01  2.86923e-08  2.83330e-08
 -0.98  0.00000005  2.90955e-01  2.90955e-01  2.85222e-08  2.81628e-08
 -0.97  0.00000005  2.90735e-01  2.90735e-01  2.83543e-08  2.79946e-08
 -0.96  0.00000005  2.90519e-01  2.90519e-01  2.81883e-08  2.78285e-08
 -0.95  0.00000005  2.90304e-01  2.90304e-01  2.80244e-08  2.76644e-08
 -0.94  0.00000005  2.90092e-01  2.90092e-01  2.78625e-08  2.75023e-08
 -0.93  0.00000005  2.89882e-01  2.89882e-01  2.77025e-08  2.73421e-08
 -0.92  0.00000005  2.89674e-01  2.89674e-01  2.75445e-08  2.71839e-08
 -0.91  0.00000005  2.89468e-01  2.89468e-01  2.73884e-08  2.70275e-08
 -0.90  0.00000005  2.89265e-01  2.89265e-01  2.72341e-08  2.68730e-08
 -0.89  0.00000005  2.89063e-01  2.89063e-01  2.70817e-08  2.67203e-08
 -0.88  0.00000005  2.88864e-01  2.88864e-01  2.69311e-08  2.65695e-08
 -0.87  0.00000005  2.88667e-01  2.88667e-01  2.67823e-08  2.64204e-08
 -0.86  0.00000005  2.88471e-01  2.88471e-01  2.66353e-08  2.62731e-08
 -0.85  0.00000005  2.88278e-01  2.88278e-01  2.64900e-08  2.61276e-08
 -0.84  0.00000005  2.88087e-01  2.88087e-01  2.63464e-08  2.59837e-08
 -0.83  0.00000005  2.87898e-01  2.87898e-01  2.62045e-08  2.58416e-08
 -0.82  0.00000004  2.87710e-01  2.87710e-01  2.60643e-08  2.57010e-08
 -0.81  0.00000004  2.87525e-01  2.87525e-01  2.59257e-08  2.55622e-08
 -0.80  0.00000004  2.87341e-01  2.87341e-01  2.57888e-08  2.54249e-08
 -0.79  0.00000004  2.87159e-01  2.87159e-01  2.56534e-08  2.52892e-08
 -0.78  0.00000004  2.86980e-01  2.86980e-01  2.55196e-08  2.51551e-08
 -0.77  0.00000004  2.86801e-01  2.86801e-01  2.53874e-08  2.50226e-08
 -0.76  0.00000004  2.86625e-01  2.86625e-01  2.52567e-08  2.48915e-08
 -0.75  0.00000004  2.86451e-01  2.86451e-01  2.51275e-08  2.47620e-08
 -0.74  0.00000004  2.86278e-01  2.86278e-01  2.49998e-08  2.46339e-08
 -0.73  0.00000004  2.86107e-01  2.86107e-01  2.48735e-08  2.45073e-08
 -0.72  0.00000004  2.85938e-01  2.85938e-01  2.47487e-08  2.43822e-08
 -0.71  0.00000004  2.85770e-01  2.85770e-01  2.46254e-08  2.42585e-08
 -0.70  0.00000004  2.85604e-01  2.85604e-01  2.45034e-08  2.41361e-08
 -0.69  0.00000004  2.85440e-01  2.85440e-01  2.43828e-08  2.40152e-08
 -0.68  0.00000004  2.85277e-01  2.85277e-01  2.42636e-08  2.38956e-08
 -0.67  0.00000004  2.85116e-01  2.85116e-01  2.41458e-08  2.37774e-08
 -0.66  0.00000004  2.84956e-01  2.84956e-01  2.40293e-08  2.36605e-08
 -0.65  0.00000004  2.84798e-01  2.84798e-01  2.39141e-08  2.35449e-08
 -0.64  0.00000004  2.84642e-01  2.84642e-01  2.38002e-08  2.34306e-08
 -0.63  0.00000004  2.84487e-01  2.84487e-01  2.36875e-08  2.33175e-08
 -0.62  0.00000004  2.84333e-01  2.84333e-01  2.35762e-08  2.32057e-08
 -0.61  0.00000004  2.84182e-01  2.84182e-01  2.34661e-08  2.30952e-08
 -0.60  0.00000004  2.84031e-01  2.84031e-01  2.33572e-08  2.29859e-08
 -0.59  0.00000004  2.83882e-01  2.83882e-01  2.32495e-08  2.28778e-08
 -0.58  0.00000004  2.83735e-01  2.83735e-01  2.31430e-08  2.27709e-08
 -0.57  0.00000004  2.83589e-01  2.83589e-01  2.30377e-08  2.26652e-08
 -0.56  0.00000004  2.83444e-01  2.83444e-01  2.29336e-08  2.25606e-08
 -0.55  0.00000004  2.83301e-01  2.83301e-01  2.28307e-08  2.24572e-08
 -0.54  0.00000004  2.83159e-01  2.83159e-01  2.27288e-08  2.23549e-08
 -0.53  0.00000004  2.83018e-01  2.83018e-01  2.26281e-08  2.22538e-08
 -0.52  0.00000004  2.82879e-01  2.82879e-01  2.25285e-08  2.21537e-08
 -0.51  0.00000004  2.82741e-01  2.82741e-01  2.24300e-08  2.20547e-08
 -0.50  0.00000004  2.82605e-01  2.82605e-01  2.23326e-08  2.19568e-08
 -0.49  0.00000004  2.82469e-01  2.82469e-01  2.22363e-08  2.18600e-08
 -0.48  0.00000004  2.82335e-01  2.82335e-01  2.21410e-08  2.17642e-08
 -0.47  0.00000004  2.82203e-01  2.82203e-01  2.20467e-08  2.16695e-08
 -0.46  0.00000004  2.82071e-01  2.82071e-01  2.19535e-08  2.15758e-08
 -0.45  0.00000004  2.81941e-01  2.81941e-01  2.18613e-08  2.14831e-08
 -0.44  0.00000004  2.81812e-01  2.81812e-01  2.17701e-08  2.13914e-08
 -0.43  0.00000004  2.81685e-01  2.81685e-01  2.16798e-08  2.13006e-08
 -0.42  0.00000004  2.81558e-01  2.81558e-01  2.15906e-08  2.12109e-08
 -0.41  0.00000004  2.81433e-01  2.81433e-01  2.15023e-08  2.11221e-08
 -0.40  0.00000004  2.81309e-01  2.81309e-01  2.14150e-08  2.10343e-08
 -0.39  0.00000003  2.81186e-01  2.81186e-01  2.13286e-08  2.09474e-08
 -0.38  0.00000003  2.81064e-01  2.81064e-01  2.12432e-08  2.08614e-08
 -0.37  0.00000003  2.80943e-01  2.80943e-01  2.11587e-08  2.07764e-08
 -0.36  0.00000003  2.80824e-01  2.80824e-01  2.10751e-08  2.06922e-08
 -0.35  0.00000003  2.80705e-01  2.80705e-01  2.09924e-08  2.06090e-08
 -0.34  0.00000003  2.80588e-01  2.80588e-01  2.09105e-08  2.05266e-08
 -0.33  0.00000003  2.80472e-01  2.80472e-01  2.08296e-08  2.04451e-08
 -0.32  0.00000003  2.80357e-01  2.80357e-01  2.07495e-08  2.03645e-08
 -0.31  0.00000003  2.80243e-01  2.80243e-01  2.06703e-08  2.02847e-08
 -0.30  0.00000003  2.80130e-01  2.80130e-01  2.05920e-08  2.02058e-08
 -0.29  0.00000003  2.80018e-01  2.80018e-01  2.05144e-08  2.01277e-08
 -0.28  0.00000003  2.79907e-01  2.79907e-01  2.04377e-08  2.00505e-08
 -0.27  0.00000003  2.79797e-01  2.79797e-01  2.03619e-08  1.99740e-08
 -0.26  0.00000003  2.79688e-01  2.79688e-01  2.02868e-08  1.98984e-08
 -0.25  0.00000003  2.79580e-01  2.79580e-01  2.02125e-08  1.98235e-08
 -0.24  0.00000003  2.79474e-01  2.79474e-01  2.01390e-08  1.97495e-08
 -0.23  0.00000003  2.79368e-01  2.79368e-01  2.00664e-08  1.96762e-08
 -0.22  0.00000003  2.79263e-01  2.79263e-01  1.99944e-08  1.96037e-08
 -0.21  0.00000003  2.79159e-01  2.79159e-01  1.99233e-08  1.95319e-08
 -0.20  0.00000003  2.79056e-01  2.79056e-01  1.98529e-08  1.94609e-08
 -0.19  0.00000003  2.78954e-01  2.78954e-01  1.97832e-08  1.93907e-08
 -0.18  0.00000003  2.78853e-01  2.78853e-01  1.97143e-08  1.93211e-08
 -0.17  0.00000003  2.78753e-01  2.78753e-01  1.96462e-08  1.92524e-08
 -0.16  0.00000003  2.78654e-01  2.78654e-01  1.95787e-08  1.91843e-08
 -0.15  0.00000003  2.78556e-01  2.78556e-01  1.95120e-08  1.91169e-08
 -0.14  0.00000003  2.78458e-01  2.78458e-01  1.94460e-08  1.90503e-08
 -0.13  0.00000003  2.78362e-01  2.78362e-01  1.93806e-08  1.89843e-08
 -0.12  0.00000003  2.78267e-01  2.78267e-01  1.93160e-08  1.89191e-08
 -0.11  0.00000003  2.78172e-01  2.78172e-01  1.92521e-08  1.88545e-08
 -0.10  0.00000003  2.78078e-01  2.78078e-01  1.91888e-08  1.87906e-08
 -0.09  0.00000003  2.77985e-01  2.77985e-01  1.91262e-08  1.87273e-08
 -0.08  0.00000003  2.77893e-01  2.77893e-01  1.90643e-08  1.86648e-08
 -0.07  0.00000003  2.77802e-01  2.77802e-01  1.90030e-08  1.86028e-08
 -0.06  0.00000003  2.77712e-01  2.77712e-01  1.89424e-08  1.85416e-08
 -0.05  0.00000003  2.77622e-01  2.77622e-01  1.88824e-08  1.84809e-08
 -0.04  0.00000003  2.77534e-01  2.77534e-01  1.88231e-08  1.84209e-08
 -0.03  0.00000003  2.77446e-01  2.77446e-01  1.87644e-08  1.83616e-08
 -0.02  0.00000003  2.77359e-01  2.77359e-01  1.87063e-08  1.83028e-08
 -0.01  0.00000003  2.77272e-01  2.77272e-01  1.86488e-08  1.82447e-08
  0.00  0.00000003  2.77187e-01  2.77187e-01  1.85920e-08  1.81871e-08
  0.01  0.00000003  2.77102e-01  2.77102e-01  1.85357e-08  1.81302e-08
  0.02  0.00000003  2.77019e-01  2.77019e-01  1.84801e-08  1.80739e-08
  0.03  0.00000003  2.76935e-01  2.76935e-01  1.84250e-08  1.80181e-08
  0.04  0.00000003  2.76853e-01  2.76853e-01  1.83706e-08  1.79630e-08
  0.05  0.00000003  2.76772e-01  2.76772e-01  1.83167e-08  1.79084e-08
  0.06  0.00000003  2.76691e-01  2.76691e-01  1.82634e-08  1.78544e-08
  0.07  0.00000003  2.76611e-01  2.76611e-01  1.82107e-08  1.78010e-08
  0.08  0.00000003  2.76532e-01  2.76532e-01  1.81585e-08  1.77481e-08
  0.09  0.00000003  2.76453e-01  2.76453e-01  1.81069e-08  1.76958e-08
  0.10  0.00000003  2.76375e-01  2.76375e-01  1.80558e-08  1.76440e-08
  0.11  0.00000003  2.76298e-01  2.76298e-01  1.80053e-08  1.75928e-08
  0.12  0.00000003  2.76222e-01  2.76222e-01  1.79554e-08  1.75421e-08
  0.13  0.00000003  2.76146e-01  2.76146e-01  1.79060e-08  1.74919e-08
  0.14  0.00000003  2.76071e-01  2.76071e-01  1.78571e-08  1.74423e-08
  0.15  0.00000003  2.75997e-01  2.75997e-01  1.78087e-08  1.73932e-08
  0.16  0.00000003  2.75924e-01  2.75924e-01  1.77609e-08  1.73446e-08
  0.17  0.00000003  2.75851e-01  2.75851e-01  1.77136e-08  1.72966e-08
  0.18  0.00000003  2.75779e-01  2.75779e-01  1.76668e-08  1.72490e-08
  0.19  0.00000003  2.75707e-01  2.75707e-01  1.76205e-08  1.72020e-08
  0.20  0.00000003  2.75636e-01  2.75636e-01  1.75747e-08  1.71555e-08
  0.21  0.00000003  2.75566e-01  2.75566e-01  1.75294e-08  1.71094e-08
  0.22  0.00000003  2.75497e-01  2.75497e-01  1.74846e-08  1.70639e-08
  0.23  0.00000003  2.75428e-01  2.75428e-01  1.74403e-08  1.70188e-08
  0.24  0.00000003  2.75360e-01  2.75360e-01  1.73965e-08  1.69742e-08
  0.25  0.00000003  2.75293e-01  2.75293e-01  1.73532e-08  1.69301e-08
  0.26  0.00000003  2.75226e-01  2.75226e-01  1.73104e-08  1.68865e-08
  0.27  0.00000003  2.75160e-01  2.75160e-01  1.72680e-08  1.68434e-08
  0.28  0.00000003  2.75094e-01  2.75094e-01  1.72261e-08  1.68007e-08
  0.29  0.00000003  2.75029e-01  2.75029e-01  1.71846e-08  1.67585e-08
  0.30  0.00000003  2.74965e-01  2.74965e-01  1.71437e-08  1.67167e-08
  0.31  0.00000003  2.74901e-01  2.74901e-01  1.71032e-08  1.66754e-08
  0.32  0.00000003  2.74838e-01  2.74838e-01  1.70631e-08  1.66345e-08
  0.33  0.00000003  2.74776e-01  2.74776e-01  1.70235e-08  1.65941e-08
  0.34  0.00000003  2.74714e-01  2.74714e-01  1.69843e-08  1.65541e-08
  0.35  0.00000003  2.74653e-01  2.74653e-01  1.69456e-08  1.65146e-08
  0.36  0.00000003  2.74592e-01  2.74592e-01  1.69073e-08  1.64755e-08
  0.37  0.00000002  2.74532e-01  2.74532e-01  1.68695e-08  1.64369e-08
  0.38  0.00000002  2.74473e-01  2.74473e-01  1.68321e-08  1.63986e-08
  0.39  0.00000002  2.74414e-01  2.74414e-01  1.67951e-08  1.63608e-08
  0.40  0.00000002  2.74356e-01  2.74356e-01  1.67586e-08  1.63234e-08
  0.41  0.00000002  2.74298e-01  2.74298e-01  1.67224e-08  1.62865e-08
  0.42  0.00000002  2.74241e-01  2.74241e-01  1.66867e-08  1.62499e-08
  0.43  0.00000002  2.74184e-01  2.74184e-01  1.66514e-08  1.62138e-08
  0.44  0.00000002  2.74128e-01  2.74128e-01  1.66165e-08  1.61781e-08
  0.45  0.00000002  2.74073e-01  2.74073e-01  1.65821e-08  1.61428e-08
  0.46  0.00000002  2.74018e-01  2.74018e-01  1.65480e-08  1.61078e-08
  0.47  0.00000002  2.73964e-01  2.73964e-01  1.65143e-08  1.60733e-08
  0.48  0.00000002  2.73910e-01  2.73910e-01  1.64811e-08  1.60392e-08
  0.49  0.00000002  2.73857e-01  2.73857e-01  1.64482e-08  1.60055e-08
  0.50  0.00000002  2.73805e-01  2.73805e-01  1.64157e-08  1.59721e-08
  0.51  0.00000002  2.73753e-01  2.73753e-01  1.63836e-08  1.59392e-08
  0.52  0.00000002  2.73701e-01  2.73701e-01  1.63519e-08  1.59066e-08
  0.53  0.00000002  2.73650e-01  2.73650e-01  1.63206e-08  1.58744e-08
  0.54  0.00000002  2.73600e-01  2.73600e-01  1.62897e-08  1.58426e-08
  0.55  0.00000002  2.73550e-01  2.73550e-01  1.62592e-08  1.58112e-08
  0.56  0.00000002  2.73500e-01  2.73500e-01  1.62290e-08  1.57801e-08
  0.57  0.00000002  2.73451e-01  2.73451e-01  1.61992e-08  1.57494e-08
  0.58  0.00000002  2.73403e-01  2.73403e-01  1.61698e-08  1.57191e-08
  0.59  0.00000002  2.73355e-01  2.73355e-01  1.61407e-08  1.56892e-08
  0.60  0.00000002  2.73308e-01  2.73308e-01  1.61121e-08  1.56596e-08
  0.61  0.00000002  2.73261e-01  2.73261e-01  1.60837e-08  1.56304e-08
  0.62  0.00000002  2.73215e-01  2.73215e-01  1.60558e-08  1.56015e-08
  0.63  0.00000002  2.73169e-01  2.73169e-01  1.60282e-08  1.55730e-08
  0.64  0.00000002  2.73124e-01  2.73124e-01  1.60009e-08  1.55448e-08
  0.65  0.00000002  2.73079e-01  2.73079e-01  1.59741e-08  1.55170e-08
  0.66  0.00000002  2.73035e-01  2.73035e-01  1.59475e-08  1.54896e-08
  0.67  0.00000002  2.72991e-01  2.72991e-01  1.59214e-08  1.54625e-08
  0.68  0.00000002  2.72948e-01  2.72948e-01  1.58955e-08  1.54357e-08
  0.69  0.00000002  2.72905e-01  2.72905e-01  1.58700e-08  1.54093e-08
  0.70  0.00000002  2.72862e-01  2.72862e-01  1.58449e-08  1.53832e-08
  0.71  0.00000002  2.72821e-01  2.72821e-01  1.58201e-08  1.53574e-08
  0.72  0.00000002  2.72779e-01  2.72779e-01  1.57956e-08  1.53320e-08
  0.73  0.00000002  2.72738e-01  2.72738e-01  1.57715e-08  1.53070e-08
  0.74  0.00000002  2.72698e-01  2.72698e-01  1.57477e-08  1.52822e-08
  0.75  0.00000002  2.72658e-01  2.72658e-01  1.57243e-08  1.52578e-08
  0.76  0.00000002  2.72619e-01  2.72619e-01  1.57012e-08  1.52337e-08
  0.77  0.00000002  2.72580e-01  2.72580e-01  1.56784e-08  1.52100e-08
  0.78  0.00000002  2.72541e-01  2.72541e-01  1.56559e-08  1.51865e-08
  0.79  0.00000002  2.72503e-01  2.72503e-01  1.56338e-08  1.51634e-08
  0.80  0.00000002  2.72466e-01  2.72466e-01  1.56120e-08  1.51406e-08
  0.81  0.00000002  2.72428e-01  2.72428e-01  1.55905e-08  1.51182e-08
  0.82  0.00000002  2.72392e-01  2.72392e-01  1.55693e-08  1.50960e-08
  0.83  0.00000002  2.72356e-01  2.72356e-01  1.55484e-08  1.50742e-08
  0.84  0.00000002  2.72320e-01  2.72320e-01  1.55279e-08  1.50526e-08
  0.85  0.00000002  2.72284e-01  2.72284e-01  1.55077e-08  1.50314e-08
  0.86  0.00000002  2.72250e-01  2.72250e-01  1.54878e-08  1.50105e-08
  0.87  0.00000002  2.72215e-01  2.72215e-01  1.54682e-08  1.49899e-08
  0.88  0.00000002  2.72181e-01  2.72181e-01  1.54489e-08  1.49696e-08
  0.89  0.00000002  2.72148e-01  2.72148e-01  1.54300e-08  1.49497e-08
  0.90  0.00000002  2.72115e-01  2.72115e-01  1.54113e-08  1.49300e-08
  0.91  0.00000002  2.72082e-01  2.72082e-01  1.53929e-08  1.49106e-08
  0.92  0.00000002  2.72050e-01  2.72050e-01  1.53749e-08  1.48915e-08
  0.93  0.00000002  2.72018e-01  2.72018e-01  1.53572e-08  1.48728e-08
  0.94  0.00000002  2.71987e-01  2.71987e-01  1.53397e-08  1.48543e-08
  0.95  0.00000002  2.71956e-01  2.71956e-01  1.53226e-08  1.48361e-08
  0.96  0.00000002  2.71925e-01  2.71925e-01  1.53057e-08  1.48182e-08
  0.97  0.00000002  2.71895e-01  2.71895e-01  1.52892e-08  1.48006e-08
  0.98  0.00000002  2.71866e-01  2.71866e-01  1.52729e-08  1.47833e-08
  0.99  0.00000002  2.71837e-01  2.71837e-01  1.52570e-08  1.47663e-08
  1.00  0.00000002  2.71808e-01  2.71808e-01  1.52413e-08  1.47496e-08
  1.01  0.00000002  2.71779e-01  2.71779e-01  1.52260e-08  1.47332e-08
  1.02  0.00000002  2.71752e-01  2.71752e-01  1.52109e-08  1.47171e-08
  1.03  0.00000002  2.71724e-01  2.71724e-01  1.51961e-08  1.47012e-08
  1.04  0.00000002  2.71697e-01  2.71697e-01  1.51816e-08  1.46856e-08
  1.05  0.00000002  2.71670e-01  2.71670e-01  1.51674e-08  1.46704e-08
  1.06  0.00000002  2.71644e-01  2.71644e-01  1.51535e-08  1.46554e-08
  1.07  0.00000002  2.71618e-01  2.71618e-01  1.51399e-08  1.46407e-08
  1.08  0.00000002  2.71593e-01  2.71593e-01  1.51265e-08  1.46262e-08
  1.09  0.00000002  2.71568e-01  2.71568e-01  1.51135e-08  1.46121e-08
  1.10  0.00000002  2.71543e-01  2.71543e-01  1.51007e-08  1.45982e-08
  1.11  0.00000002  2.71519e-01  2.71519e-01  1.50882e-08  1.45846e-08
  1.12  0.00000002  2.71495e-01  2.71495e-01  1.50760e-08  1.45713e-08
  1.13  0.00000002  2.71472e-01  2.71472e-01  1.50641e-08  1.45583e-08
  1.14  0.00000002  2.71449e-01  2.71449e-01  1.50524e-08  1.45455e-08
  1.15  0.00000002  2.71427e-01  2.71427e-01  1.50410e-08  1.45330e-08
  1.16  0.00000002  2.71404e-01  2.71404e-01  1.50300e-08  1.45208e-08
  1.17  0.00000002  2.71383e-01  2.71383e-01  1.50191e-08  1.45089e-08
  1.18  0.00000002  2.71361e-01  2.71361e-01  1.50086e-08  1.44972e-08
  1.19  0.00000002  2.71340e-01  2.71340e-01  1.49983e-08  1.44858e-08
  1.20  0.00000002  2.71320e-01  2.71320e-01  1.49883e-08  1.44747e-08
  1.21  0.00000002  2.71300e-01  2.71300e-01  1.49786e-08  1.44638e-08
  1.22  0.00000002  2.71280e-01  2.71280e-01  1.49692e-08  1.44532e-08
  1.23  0.00000002  2.71261e-01  2.71261e-01  1.49600e-08  1.44429e-08
  1.24  0.00000002  2.71242e-01  2.71242e-01  1.49511e-08  1.44329e-08
  1.25  0.00000002  2.71223e-01  2.71223e-01  1.49425e-08  1.44231e-08
  1.26  0.00000002  2.71205e-01  2.71205e-01  1.49342e-08  1.44136e-08
  1.27  0.00000002  2.71187e-01  2.71187e-01  1.49261e-08  1.44043e-08
  1.28  0.00000002  2.71170e-01  2.71170e-01  1.49183e-08  1.43954e-08
  1.29  0.00000002  2.71153e-01  2.71153e-01  1.49107e-08  1.43866e-08
  1.30  0.00000002  2.71136e-01  2.71136e-01  1.49034e-08  1.43782e-08
  1.31  0.00000002  2.71120e-01  2.71120e-01  1.48964e-08  1.43700e-08
  1.32  0.00000002  2.71104e-01  2.71104e-01  1.48897e-08  1.43621e-08
  1.33  0.00000002  2.71089e-01  2.71089e-01  1.48832e-08  1.43544e-08
  1.34  0.00000002  2.71074e-01  2.71074e-01  1.48770e-08  1.43470e-08
  1.35  0.00000002  2.71059e-01  2.71059e-01  1.48711e-08  1.43399e-08
  1.36  0.00000002  2.71045e-01  2.71045e-01  1.48654e-08  1.43330e-08
  1.37  0.00000002  2.71031e-01  2.71031e-01  1.48600e-08  1.43264e-08
  1.38  0.00000002  2.71017e-01  2.71017e-01  1.48549e-08  1.43201e-08
  1.39  0.00000002  2.71004e-01  2.71004e-01  1.48500e-08  1.43140e-08
  1.40  0.00000002  2.70991e-01  2.70991e-01  1.48454e-08  1.43082e-08
  1.41  0.00000002  2.70979e-01  2.70979e-01  1.48410e-08  1.43026e-08
  1.42  0.00000002  2.70967e-01  2.70967e-01  1.48370e-08  1.42973e-08
  1.43  0.00000002  2.70955e-01  2.70955e-01  1.48331e-08  1.42923e-08
  1.44  0.00000002  2.70944e-01  2.70944e-01  1.48296e-08  1.42875e-08
  1.45  0.00000002  2.70933e-01  2.70933e-01  1.48263e-08  1.42829e-08
  1.46  0.00000002  2.70923e-01  2.70923e-01  1.48233e-08  1.42787e-08
  1.47  0.00000002  2.70913e-01  2.70913e-01  1.48205e-08  1.42747e-08
  1.48  0.00000002  2.70903e-01  2.70903e-01  1.48180e-08  1.42709e-08
  1.49  0.00000002  2.70894e-01  2.70894e-01  1.48158e-08  1.42674e-08
  1.50  0.00000002  2.70885e-01  2.70885e-01  1.48138e-08  1.42642e-08
  1.51  0.00000002  2.70876e-01  2.70876e-01  1.48121e-08  1.42612e-08
  1.52  0.00000002  2.70868e-01  2.70868e-01  1.48106e-08  1.42585e-08
  1.53  0.00000002  2.70860e-01  2.70860e-01  1.48094e-08  1.42561e-08
  1.54  0.00000002  2.70853e-01  2.70853e-01  1.48085e-08  1.42539e-08
  1.55  0.00000002  2.70846e-01  2.70846e-01  1.48079e-08  1.42519e-08
  1.56  0.00000002  2.70839e-01  2.70839e-01  1.48075e-08  1.42503e-08
  1.57  0.00000002  2.70833e-01  2.70833e-01  1.48073e-08  1.42489e-08
  1.58  0.00000002  2.70827e-01  2.70827e-01  1.48075e-08  1.42477e-08
  1.59  0.00000002  2.70821e-01  2.70821e-01  1.48079e-08  1.42468e-08
  1.60  0.00000002  2.70816e-01  2.70816e-01  1.48085e-08  1.42462e-08
  1.61  0.00000002  2.70811e-01  2.70811e-01  1.48094e-08  1.42458e-08
  1.62  0.00000002  2.70807e-01  2.70807e-01  1.48106e-08  1.42457e-08
  1.63  0.00000002  2.70803e-01  2.70803e-01  1.48121e-08  1.42458e-08
  1.64  0.00000002  2.70799e-01  2.70799e-01  1.48138e-08  1.42462e-08
  1.65  0.00000002  2.70796e-01  2.70796e-01  1.48158e-08  1.42469e-08
  1.66  0.00000002  2.70793e-01  2.70793e-01  1.48180e-08  1.42478e-08
  1.67  0.00000002  2.70791e-01  2.70791e-01  1.48205e-08  1.42490e-08
  1.68  0.00000002  2.70788e-01  2.70788e-01  1.48233e-08  1.42504e-08
  1.69  0.00000002  2.70787e-01  2.70787e-01  1.48263e-08  1.42521e-08
  1.70  0.00000002  2.70785e-01  2.70785e-01  1.48296e-08  1.42541e-08
  1.71  0.00000002  2.70784e-01  2.70784e-01  1.48332e-08  1.42563e-08
  1.72  0.00000002  2.70784e-01  2.70784e-01  1.48370e-08  1.42588e-08
  1.73  0.00000002  2.70783e-01  2.70783e-01  1.48411e-08  1.42616e-08
  1.74  0.00000002  2.70783e-01  2.70783e-01  1.48455e-08  1.42646e-08
  1.75  0.00000002  2.70784e-01  2.70784e-01  1.48501e-08  1.42679e-08
  1.76  0.00000002  2.70785e-01  2.70785e-01  1.48550e-08  1.42714e-08
  1.77  0.00000002  2.70786e-01  2.70786e-01  1.48602e-08  1.42752e-08
  1.78  0.00000002  2.70788e-01  2.70788e-01  1.48656e-08  1.42793e-08
  1.79  0.00000002  2.70790e-01  2.70790e-01  1.48713e-08  1.42836e-08
  1.80  0.00000002  2.70792e-01  2.70792e-01  1.48773e-08  1.42883e-08
  1.81  0.00000002  2.70795e-01  2.70795e-01  1.48836e-08  1.42931e-08
  1.82  0.00000002  2.70798e-01  2.70798e-01  1.48901e-08  1.42983e-08
  1.83  0.00000002  2.70801e-01  2.70801e-01  1.48969e-08  1.43037e-08
  1.84  0.00000002  2.70805e-01  2.70805e-01  1.49039e-08  1.43094e-08
  1.85  0.00000002  2.70810e-01  2.70810e-01  1.49113e-08  1.43153e-08
  1.86  0.00000002  2.70814e-01  2.70814e-01  1.49189e-08  1.43215e-08
  1.87  0.00000002  2.70819e-01  2.70819e-01  1.49268e-08  1.43280e-08
  1.88  0.00000002  2.70825e-01  2.70825e-01  1.49350e-08  1.43348e-08
  1.89  0.00000002  2.70831e-01  2.70831e-01  1.49434e-08  1.43418e-08
  1.90  0.00000002  2.70837e-01  2.70837e-01  1.49521e-08  1.43492e-08
  1.91  0.00000002  2.70843e-01  2.70843e-01  1.49611e-08  1.43567e-08
  1.92  0.00000002  2.70850e-01  2.70850e-01  1.49704e-08  1.43646e-08
  1.93  0.00000002  2.70858e-01  2.70858e-01  1.49800e-08  1.43728e-08
  1.94  0.00000002  2.70865e-01  2.70865e-01  1.49898e-08  1.43812e-08
  1.95  0.00000002  2.70874e-01  2.70874e-01  1.49999e-08  1.43899e-08
  1.96  0.00000002  2.70882e-01  2.70882e-01  1.50103e-08  1.43988e-08
  1.97  0.00000002  2.70891e-01  2.70891e-01  1.50210e-08  1.44081e-08
  1.98  0.00000002  2.70900e-01  2.70900e-01  1.50320e-08  1.44176e-08
  1.99  0.00000002  2.70910e-01  2.70910e-01  1.50432e-08  1.44274e-08
  2.00  0.00000002  2.70920e-01  2.70920e-01  1.50548e-08  1.44375e-08
  2.01  0.00000002  2.70930e-01  2.70930e-01  1.50666e-08  1.44479e-08
  2.02  0.00000002  2.70941e-01  2.70941e-01  1.50787e-08  1.44586e-08
  2.03  0.00000002  2.70952e-01  2.70952e-01  1.50911e-08  1.44696e-08
  2.04  0.00000002  2.70964e-01  2.70964e-01  1.51038e-08  1.44808e-08
  2.05  0.00000002  2.70976e-01  2.70976e-01  1.51168e-08  1.44923e-08
  2.06  0.00000002  2.70989e-01  2.70989e-01  1.51301e-08  1.45042e-08
  2.07  0.00000002  2.71001e-01  2.71001e-01  1.51437e-08  1.45163e-08
  2.08  0.00000002  2.71015e-01  2.71015e-01  1.51575e-08  1.45287e-08
  2.09  0.00000002  2.71028e-01  2.71028e-01  1.51717e-08  1.45414e-08
  2.10  0.00000002  2.71042e-01  2.71042e-01  1.51862e-08  1.45544e-08
  2.11  0.00000002  2.71057e-01  2.71057e-01  1.52009e-08  1.45677e-08
  2.12  0.00000002  2.71072e-01  2.71072e-01  1.52160e-08  1.45813e-08
  2.13  0.00000002  2.71087e-01  2.71087e-01  1.52314e-08  1.45952e-08
  2.14  0.00000002  2.71102e-01  2.71102e-01  1.52471e-08  1.46094e-08
  2.15  0.00000002  2.71118e-01  2.71118e-01  1.52630e-08  1.46239e-08
  2.16  0.00000002  2.71135e-01  2.71135e-01  1.52793e-08  1.46387e-08
  2.17  0.00000002  2.71152e-01  2.71152e-01  1.52959e-08  1.46538e-08
  2.18  0.00000002  2.71169e-01  2.71169e-01  1.53128e-08  1.46692e-08
  2.19  0.00000002  2.71187e-01  2.71187e-01  1.53301e-08  1.46849e-08
  2.20  0.00000002  2.71205e-01  2.71205e-01  1.53476e-08  1.47010e-08
  2.21  0.00000002  2.71223e-01  2.71223e-01  1.53654e-08  1.47173e-08
  2.22  0.00000002  2.71242e-01  2.71242e-01  1.53836e-08  1.47340e-08
  2.23  0.00000002  2.71262e-01  2.71262e-01  1.54021e-08  1.47510e-08
  2.24  0.00000002  2.71281e-01  2.71281e-01  1.54209e-08  1.47683e-08
  2.25  0.00000002  2.71301e-01  2.71301e-01  1.54400e-08  1.47859e-08
  2.26  0.00000002  2.71322e-01  2.71322e-01  1.54594e-08  1.48038e-08
  2.27  0.00000002  2.71343e-01  2.71343e-01  1.54792e-08  1.48221e-08
  2.28  0.00000002  2.71365e-01  2.71365e-01  1.54993e-08  1.48406e-08
  2.29  0.00000002  2.71386e-01  2.71386e-01  1.55197e-08  1.48596e-08
  2.30  0.00000002  2.71409e-01  2.71409e-01  1.55405e-08  1.48788e-08
  2.31  0.00000002  2.71431e-01  2.71431e-01  1.55616e-08  1.48984e-08
  2.32  0.00000002  2.71455e-01  2.71455e-01  1.55830e-08  1.49183e-08
  2.33  0.00000002  2.71478e-01  2.71478e-01  1.56048e-08  1.49385e-08
  2.34  0.00000002  2.71502e-01  2.71502e-01  1.56269e-08  1.49591e-08
  2.35  0.00000002  2.71527e-01  2.71527e-01  1.56493e-08  1.49800e-08
  2.36  0.00000002  2.71552e-01  2.71552e-01  1.56721e-08  1.50013e-08
  2.37  0.00000002  2.71577e-01  2.71577e-01  1.56952e-08  1.50229e-08
  2.38  0.00000002  2.71603e-01  2.71603e-01  1.57187e-08  1.50448e-08
  2.39  0.00000002  2.71629e-01  2.71629e-01  1.57425e-08  1.50671e-08
  2.40  0.00000002  2.71656e-01  2.71656e-01  1.57667e-08  1.50898e-08
  2.41  0.00000002  2.71683e-01  2.71683e-01  1.57912e-08  1.51128e-08
  2.42  0.00000002  2.71710e-01  2.71710e-01  1.58161e-08  1.51361e-08
  2.43  0.00000002  2.71738e-01  2.71738e-01  1.58414e-08  1.51599e-08
  2.44  0.00000002  2.71767e-01  2.71767e-01  1.58670e-08  1.51839e-08
  2.45  0.00000002  2.71796e-01  2.71796e-01  1.58929e-08  1.52084e-08
  2.46  0.00000002  2.71825e-01  2.71825e-01  1.59193e-08  1.52332e-08
  2.47  0.00000002  2.71855e-01  2.71855e-01  1.59460e-08  1.52584e-08
  2.48  0.00000002  2.71885e-01  2.71885e-01  1.59731e-08  1.52839e-08
  2.49  0.00000002  2.71916e-01  2.71916e-01  1.60005e-08  1.53099e-08
  2.50  0.00000002  2.71947e-01  2.71947e-01  1.60284e-08  1.53362e-08
  2.51  0.00000002  2.71979e-01  2.71979e-01  1.60566e-08  1.53628e-08
  2.52  0.00000002  2.72011e-01  2.72011e-01  1.60852e-08  1.53899e-08
  2.53  0.00000002  2.72044e-01  2.72044e-01  1.61142e-08  1.54174e-08
  2.54  0.00000002  2.72077e-01  2.72077e-01  1.61435e-08  1.54452e-08
  2.55  0.00000002  2.72111e-01  2.72111e-01  1.61733e-08  1.54734e-08
  2.56  0.00000002  2.72145e-01  2.72145e-01  1.62034e-08  1.55020e-08
  2.57  0.00000002  2.72179e-01  2.72179e-01  1.62340e-08  1.55311e-08
  2.58  0.00000002  2.72214e-01  2.72214e-01  1.62650e-08  1.55605e-08
  2.59  0.00000002  2.72250e-01  2.72250e-01  1.62963e-08  1.55903e-08
  2.60  0.00000002  2.72286e-01  2.72286e-01  1.63281e-08  1.56206e-08
  2.61  0.00000002  2.72323e-01  2.72323e-01  1.63602e-08  1.56512e-08
  2.62  0.00000002  2.72360e-01  2.72360e-01  1.63928e-08  1.56823e-08
  2.63  0.00000002  2.72397e-01  2.72397e-01  1.64258e-08  1.57138e-08
  2.64  0.00000002  2.72435e-01  2.72435e-01  1.64593e-08  1.57457e-08
  2.65  0.00000002  2.72474e-01  2.72474e-01  1.64931e-08  1.57780e-08
  2.66  0.00000002  2.72513e-01  2.72513e-01  1.65274e-08  1.58108e-08
  2.67  0.00000002  2.72553e-01  2.72553e-01  1.65621e-08  1.58440e-08
  2.68  0.00000002  2.72593e-01  2.72593e-01  1.65972e-08  1.58776e-08
  2.69  0.00000002  2.72633e-01  2.72633e-01  1.66328e-08  1.59117e-08
  2.70  0.00000002  2.72675e-01  2.72675e-01  1.66688e-08  1.59462e-08
  2.71  0.00000002  2.72716e-01  2.72716e-01  1.67052e-08  1.59811e-08
  2.72  0.00000002  2.72759e-01  2.72759e-01  1.67422e-08  1.60165e-08
  2.73  0.00000002  2.72801e-01  2.72801e-01  1.67795e-08  1.60524e-08
  2.74  0.00000002  2.72845e-01  2.72845e-01  1.68173e-08  1.60887e-08
  2.75  0.00000002  2.72889e-01  2.72889e-01  1.68556e-08  1.61255e-08
  2.76  0.00000002  2.72933e-01  2.72933e-01  1.68943e-08  1.61628e-08
  2.77  0.00000002  2.72978e-01  2.72978e-01  1.69336e-08  1.62005e-08
  2.78  0.00000002  2.73023e-01  2.73023e-01  1.69732e-08  1.62387e-08
  2.79  0.00000002  2.73070e-01  2.73070e-01  1.70134e-08  1.62774e-08
  2.80  0.00000002  2.73116e-01  2.73116e-01  1.70540e-08  1.63166e-08
  2.81  0.00000002  2.73163e-01  2.73163e-01  1.70952e-08  1.63563e-08
  2.82  0.00000002  2.73211e-01  2.73211e-01  1.71368e-08  1.63965e-08
  2.83  0.00000002  2.73259e-01  2.73259e-01  1.71789e-08  1.64371e-08
  2.84  0.00000002  2.73308e-01  2.73308e-01  1.72215e-08  1.64783e-08
  2.85  0.00000002  2.73358e-01  2.73358e-01  1.72646e-08  1.65200e-08
  2.86  0.00000002  2.73408e-01  2.73408e-01  1.73083e-08  1.65622e-08
  2.87  0.00000002  2.73459e-01  2.73459e-01  1.73524e-08  1.66049e-08
  2.88  0.00000002  2.73510e-01  2.73510e-01  1.73970e-08  1.66482e-08
  2.89  0.00000002  2.73562e-01  2.73562e-01  1.74422e-08  1.66919e-08
  2.90  0.00000002  2.73614e-01  2.73614e-01  1.74879e-08  1.67362e-08
  2.91  0.00000002  2.73667e-01  2.73667e-01  1.75342e-08  1.67811e-08
  2.92  0.00000002  2.73721e-01  2.73721e-01  1.75810e-08  1.68265e-08
  2.93  0.00000002  2.73775e-01  2.73775e-01  1.76283e-08  1.68725e-08
  2.94  0.00000002  2.73830e-01  2.73830e-01  1.76762e-08  1.69190e-08
  2.95  0.00000002  2.73886e-01  2.73886e-01  1.77246e-08  1.69660e-08
  2.96  0.00000002  2.73942e-01  2.73942e-01  1.77736e-08  1.70137e-08
  2.97  0.00000002  2.73999e-01  2.73999e-01  1.78231e-08  1.70619e-08
  2.98  0.00000002  2.74056e-01  2.74056e-01  1.78733e-08  1.71107e-08
  2.99  0.00000002  2.74114e-01  2.74114e-01  1.79240e-08  1.71601e-08
