$basis
*
h LANL2DZ
*
    3   s
     19.2384000              0.0328280
      2.8987000              0.2312040
      0.6535000              0.8172260
    1   s
      0.1776000              1.0000000
*
c LANL2DZ
*
    7   s
   4233.0000000              0.0012200
    634.9000000              0.0093420
    146.1000000              0.0454520
     42.5000000              0.1546570
     14.1900000              0.3588660
      5.1480000              0.4386320
      1.9670000              0.1459180
    2   s
      5.1480000             -0.1683670
      0.4962000              1.0600910
    1   s
      0.1533000              1.0000000
    4   p
     18.1600000              0.0185390
      3.9860000              0.1154360
      1.1430000              0.3861880
      0.3594000              0.6401140
    1   p
      0.1146000              1.0000000
*
n LANL2DZ
*
    7   s
   5909.0000000              0.0011900
    887.5000000              0.0090990
    204.7000000              0.0441450
     59.8400000              0.1504640
     20.0000000              0.3567410
      7.1930000              0.4465330
      2.6860000              0.1456030
    2   s
      7.1930000             -0.1604050
      0.7000000              1.0582150
    1   s
      0.2133000              1.0000000
    4   p
     26.7900000              0.0182540
      5.9560000              0.1164610
      1.7070000              0.3901780
      0.5314000              0.6371020
    1   p
      0.1654000              1.0000000
*
s LANL2DZ
*
    2   s
      1.8500000             -0.5324335
      0.4035000              1.2763801
    1   s
      0.1438000              1.0000000
    2   p
      4.9450000             -0.0608116
      0.4870000              1.0132686
    1   p
      0.1379000              1.0000000
*
au LANL2DZ
*
    3   s
      1.5950000             -0.3687038149
      0.5327000             -1.034828905
      0.2826000              1.94501164
    3   s
      2.8090000             -1.202156130
      1.5950000              1.674158181
      0.5327000              0.3526593382
    1   s
      0.0598000              1.0000000
    3   p
      3.6840000             -0.2802681
      1.6660000              0.7818398
      0.5989000              0.4804776
    2   p
      0.6838000             -0.0952078
      0.0977000              1.0299147
    1   p
      0.0279000              1.0000000
    2   d
      1.2870000              0.5844273
      0.4335000              0.5298161
    1   d
      0.1396000              1.0000000
*
$ecp
*
au LANL2DZ-ecp
*
  ncore = 60   lmax = 4
g
     -60.0000000      1     622.6287956
    -555.5292312      2     136.2843607
    -168.0019785      2      33.1549781
     -63.0399875      2       9.9894895
      -4.2516681      2       3.0481312
s-g
       3.0000000      0     194.7374304
      38.6020880      1     351.5327447
     864.8370727      2     122.3270402
     374.9935520      2      32.0914617
     289.7910100      2       5.2451812
    -152.4532773      2       4.4916223
p-g
       2.0000000      0     420.6158801
      73.8885625      1     109.4417815
     326.6729872      2      34.1714280
     126.5814591      2       5.9879750
d-g
       3.0000000      0     219.2666158
      55.6793149      1     122.7297786
     449.1987335      2      63.1063369
     215.0269091      2      18.3684520
      64.0840995      2       4.4972844
f-g
       4.0000000      0     108.5506037
      51.8065335      1      56.4795527
     231.2183113      2      29.2069159
     119.0047386      2       9.5440543
      15.3424188      2       2.8965118
*
s LANL2DZ-ecp
*
  ncore = 10   lmax = 2
d
     -10.0000000      1     532.6685222
     -85.3593846      2     108.1342248
     -30.4513290      2      24.5697664
     -10.3745886      2       7.3702438
      -0.9899295      2       2.3712569
s-d
       3.0000000      0     106.3176781
      10.6284036      1     100.8245833
     223.6360469      2      53.5858472
      93.6460845      2      15.3706332
      28.7609065      2       3.1778402
p-d
       5.0000000      0     101.9709185
       6.0969842      1      93.2808973
     285.4425500      2      65.1431772
     147.1448413      2      24.6347440
      53.6569778      2       7.8120535
       8.9249559      2       2.3112730
*
$end

