$coord
  -26.72932388318149     -1.50792397527129     -2.63685203623558      au
  -26.72174797111475      3.38532342459213     -0.25443650598399      au
  -26.72963946744569     -1.12453822715759      2.79201555928068      au
  -22.28046448072746      1.61920049860627     -2.85744921635798      au
  -22.28078006499165      2.00257868781544      2.57143538669347      au
  -22.28835597705839     -2.89066871204798      0.18901985644189      au
  -22.28804039279420     -3.27403934235262     -5.23988364387090      au
  -22.27288667893459      6.51244033956516     -0.47501667857120      au
  -22.28867156132258     -2.50729052283880      5.61790634921948      au
   15.72185435228364      0.34737134747317      0.05494945649205       c
   14.36649552662474     -1.91542262884062     -0.06760306267785       c
   11.75534376579641     -1.89833950459934     -0.01292572674894       c
   15.36456383233896     -3.69553141793597     -0.20701571840536       h
   14.40453004450133      2.62609382536106      0.23327913220020       c
   11.79154146987183      2.64095463167007      0.28764844276945       c
   15.42252929173909      4.39698453038019      0.33043184241798       h
   10.41228138808419      0.38108973086225      0.16597464625135       c
   10.72222481976942     -3.65889340767158     -0.10989513353183       h
   10.78745438642437      4.41567392183443      0.42636567928006       h
    7.73619674760377      0.39664217693590      0.22171400826694       c
    5.45270271123035      0.39998510246497      0.26726585670015       c
   -2.56144251490278      0.38443265639133      0.41215304903462       c
   -1.19719819696704     -1.91151467519781      0.30984894537859       c
   -1.18701068338465      2.65641448116321      0.48482246747474       c
    1.41641398728631      2.67758886248219      0.45019323608961       c
    1.42599867823230     -1.86776751522151      0.24062071822646       c
    2.77750435230626      0.40302945126505      0.31834515407205       c
   -5.22884197407645      0.48800287655639      0.35486411159006       c
   -7.50537803882859      0.62937139883143      0.26795182728639       c
   -2.22475000980654      4.41481220671783      0.55473288576085       h
    2.43209643028515      4.44945277645976      0.51349717181515       h
  -15.48235424165398      0.47118242424757      0.05966243346747       c
  -14.08872468235188     -1.77220406468149      0.01326398772672       c
  -14.20568739162070      2.77687129405174      0.17349197680797       c
  -11.59310321838364      2.83907351944180      0.23859115235974       c
  -11.47942674285991     -1.70865068510641      0.08013194693888       c
  -10.17745268045502      0.60042646365402      0.19464746086562       c
  -15.25506743102116      4.53154058994618      0.21034352612537       h
  -10.61985079624648      4.63417728540160      0.32630279081763       h
  -15.05697877886756     -3.57212663228014     -0.07527535077737       h
  -10.40963388177201     -3.44934923570042      0.04474115592220       h
   19.05482480409031      0.17620373380866     -0.02516170345937       s
  -18.81104068431739      0.23803368315054     -0.03172850177115       s
    2.43923770534133     -3.63595969132288      0.13232996218145       h
   -2.47239484006894     -4.39806356400207      0.25592938962897       c
   -1.39282453596950     -6.26967478217787     -1.05458812462269       n
   -4.60978659020444     -4.74557475120907      1.53589948094253       n
   -2.86453946880857     -8.96848337940623     -1.00268112720459       s
   -5.84204298638878     -7.55360762919209      1.36595829953826       s
   26.97584432639482      3.29764391147850     -0.24512204587500      au
   26.96826652460195     -1.59559592948039     -2.62755647338791      au
   26.96795094033776     -1.21221774027122      2.80133001938968      au
   22.52971935765508      1.54603219246707     -2.84967866249956      au
   22.52182786132414     -2.96382945928265      0.19677340276512      au
   22.52940377339088      1.92941038167624      2.57920783027803      au
   22.53729715944795      6.43927203342596     -0.46724423498664      au
   22.52214344558834     -3.34720764849182     -5.23211120028634      au
   22.52151227705995     -2.58045882897800      5.62567690307790      au
$end
