#qt -soc OS dtda_t24_so.out
# E-Efermi, percentage polarization,Tuu,Tdd,Tdu,Tud 
 -2.00 -1.23710269  9.03751e-01  9.26391e-01  2.97474e-25  3.90474e-25
 -1.99 -1.41065222  8.74735e-01  8.99767e-01  2.84293e-25  3.75782e-25
 -1.98 -1.54891154  8.43899e-01  8.70452e-01  2.70597e-25  3.60409e-25
 -1.97 -1.65408877  8.11922e-01  8.39233e-01  2.56800e-25  3.44832e-25
 -1.96 -1.72897349  7.79408e-01  8.06834e-01  2.43242e-25  3.29449e-25
 -1.95 -1.77669516  7.46874e-01  7.73894e-01  2.30184e-25  3.14568e-25
 -1.94 -1.80051634  7.14745e-01  7.40955e-01  2.17812e-25  3.00415e-25
 -1.93 -1.80366922  6.83356e-01  7.08460e-01  2.06246e-25  2.87141e-25
 -1.92 -1.78923655  6.52965e-01  6.76757e-01  1.95552e-25  2.74832e-25
 -1.91 -1.76007283  6.23758e-01  6.46108e-01  1.85752e-25  2.63526e-25
 -1.90 -1.71875925  5.95860e-01  6.16701e-01  1.76836e-25  2.53221e-25
 -1.89 -1.66758475  5.69348e-01  5.88659e-01  1.68771e-25  2.43887e-25
 -1.88 -1.60854622  5.44258e-01  5.62054e-01  1.61511e-25  2.35476e-25
 -1.87 -1.54336152  5.20597e-01  5.36918e-01  1.54998e-25  2.27930e-25
 -1.86 -1.47349043  4.98344e-01  5.13250e-01  1.49173e-25  2.21184e-25
 -1.85 -1.40015983  4.77467e-01  4.91027e-01  1.43975e-25  2.15169e-25
 -1.84 -1.32439023  4.57915e-01  4.70207e-01  1.39345e-25  2.09821e-25
 -1.83 -1.24702211  4.39636e-01  4.50739e-01  1.35226e-25  2.05075e-25
 -1.82 -1.16874075  4.22566e-01  4.32560e-01  1.31566e-25  2.00872e-25
 -1.81 -1.09009892  4.06645e-01  4.15608e-01  1.28316e-25  1.97156e-25
 -1.80 -1.01153723  3.91807e-01  3.99815e-01  1.25433e-25  1.93878e-25
 -1.79 -0.93340199  3.77991e-01  3.85114e-01  1.22877e-25  1.90990e-25
 -1.78 -0.85596079  3.65135e-01  3.71440e-01  1.20613e-25  1.88451e-25
 -1.77 -0.77941570  3.53182e-01  3.58730e-01  1.18609e-25  1.86226e-25
 -1.76 -0.70391471  3.42074e-01  3.46924e-01  1.16837e-25  1.84279e-25
 -1.75 -0.62956123  3.31761e-01  3.35964e-01  1.15272e-25  1.82583e-25
 -1.74 -0.55642220  3.22192e-01  3.25797e-01  1.13892e-25  1.81110e-25
 -1.73 -0.48453472  3.13322e-01  3.16373e-01  1.12677e-25  1.79838e-25
 -1.72 -0.41391173  3.05109e-01  3.07645e-01  1.11612e-25  1.78745e-25
 -1.71 -0.34454661  2.97513e-01  2.99570e-01  1.10680e-25  1.77815e-25
 -1.70 -0.27641699  2.90497e-01  2.92108e-01  1.09868e-25  1.77030e-25
 -1.69 -0.20948792  2.84030e-01  2.85223e-01  1.09165e-25  1.76376e-25
 -1.68 -0.14371446  2.78080e-01  2.78881e-01  1.08560e-25  1.75842e-25
 -1.67 -0.07904373  2.72621e-01  2.73052e-01  1.08045e-25  1.75414e-25
 -1.66 -0.01541668  2.67626e-01  2.67708e-01  1.07611e-25  1.75085e-25
 -1.65  0.04723055  2.63073e-01  2.62825e-01  1.07251e-25  1.74844e-25
 -1.64  0.10896553  2.58942e-01  2.58379e-01  1.06960e-25  1.74685e-25
 -1.63  0.16985866  2.55215e-01  2.54350e-01  1.06732e-25  1.74600e-25
 -1.62  0.22998243  2.51875e-01  2.50719e-01  1.06563e-25  1.74583e-25
 -1.61  0.28941092  2.48909e-01  2.47472e-01  1.06447e-25  1.74630e-25
 -1.60  0.34821936  2.46303e-01  2.44594e-01  1.06383e-25  1.74734e-25
 -1.59  0.40648383  2.44048e-01  2.42072e-01  1.06367e-25  1.74893e-25
 -1.58  0.46428097  2.42134e-01  2.39896e-01  1.06397e-25  1.75103e-25
 -1.57  0.52168789  2.40554e-01  2.38058e-01  1.06469e-25  1.75361e-25
 -1.56  0.57878201  2.39304e-01  2.36549e-01  1.06584e-25  1.75663e-25
 -1.55  0.63564099  2.38377e-01  2.35366e-01  1.06739e-25  1.76007e-25
 -1.54  0.69234272  2.37774e-01  2.34504e-01  1.06933e-25  1.76393e-25
 -1.53  0.74896527  2.37491e-01  2.33960e-01  1.07167e-25  1.76817e-25
 -1.52  0.80558689  2.37531e-01  2.33735e-01  1.07439e-25  1.77279e-25
 -1.51  0.86228604  2.37896e-01  2.33829e-01  1.07749e-25  1.77779e-25
 -1.50  0.91914136  2.38590e-01  2.34244e-01  1.08099e-25  1.78314e-25
 -1.49  0.97623165  2.39619e-01  2.34985e-01  1.08488e-25  1.78886e-25
 -1.48  1.03363585  2.40990e-01  2.36059e-01  1.08918e-25  1.79493e-25
 -1.47  1.09143294  2.42712e-01  2.37472e-01  1.09390e-25  1.80137e-25
 -1.46  1.14970185  2.44799e-01  2.39234e-01  1.09906e-25  1.80819e-25
 -1.45  1.20852126  2.47262e-01  2.41357e-01  1.10469e-25  1.81538e-25
 -1.44  1.26796932  2.50119e-01  2.43856e-01  1.11081e-25  1.82298e-25
 -1.43  1.32812331  2.53387e-01  2.46745e-01  1.11746e-25  1.83099e-25
 -1.42  1.38905911  2.57089e-01  2.50044e-01  1.12467e-25  1.83945e-25
 -1.41  1.45085053  2.61247e-01  2.53775e-01  1.13250e-25  1.84838e-25
 -1.40  1.51356843  2.65889e-01  2.57960e-01  1.14100e-25  1.85782e-25
 -1.39  1.57727955  2.71047e-01  2.62629e-01  1.15023e-25  1.86782e-25
 -1.38  1.64204503  2.76754e-01  2.67812e-01  1.16026e-25  1.87842e-25
 -1.37  1.70791849  2.83051e-01  2.73545e-01  1.17120e-25  1.88970e-25
 -1.36  1.77494358  2.89980e-01  2.79865e-01  1.18312e-25  1.90173e-25
 -1.35  1.84315085  2.97590e-01  2.86818e-01  1.19617e-25  1.91460e-25
 -1.34  1.91255381  3.05936e-01  2.94453e-01  1.21046e-25  1.92841e-25
 -1.33  1.98314394  3.15079e-01  3.02825e-01  1.22618e-25  1.94329e-25
 -1.32  2.05488434  3.25086e-01  3.11995e-01  1.24349e-25  1.95939e-25
 -1.31  2.12770181  3.36032e-01  3.22030e-01  1.26263e-25  1.97689e-25
 -1.30  2.20147683  3.48000e-01  3.33007e-01  1.28386e-25  1.99600e-25
 -1.29  2.27603100  3.61081e-01  3.45010e-01  1.30748e-25  2.01697e-25
 -1.28  2.35111132  3.75376e-01  3.58130e-01  1.33386e-25  2.04011e-25
 -1.27  2.42637053  3.90994e-01  3.72469e-01  1.36340e-25  2.06576e-25
 -1.26  2.50134275  4.08053e-01  3.88137e-01  1.39662e-25  2.09436e-25
 -1.25  2.57541323  4.26680e-01  4.05254e-01  1.43410e-25  2.12642e-25
 -1.24  2.64778122  4.47009e-01  4.23948e-01  1.47653e-25  2.16254e-25
 -1.23  2.71741475  4.69177e-01  4.44353e-01  1.52471e-25  2.20343e-25
 -1.22  2.78299624  4.93323e-01  4.66608e-01  1.57956e-25  2.24996e-25
 -1.21  2.84285815  5.19578e-01  4.90853e-01  1.64217e-25  2.30310e-25
 -1.20  2.89490880  5.48058e-01  5.17220e-01  1.71376e-25  2.36401e-25
 -1.19  2.93654974  5.78850e-01  5.45823e-01  1.79567e-25  2.43399e-25
 -1.18  2.96458877  6.11991e-01  5.76750e-01  1.88937e-25  2.51448e-25
 -1.17  2.97515666  6.47447e-01  6.10035e-01  1.99639e-25  2.60705e-25
 -1.16  2.96364175  6.85075e-01  6.45638e-01  2.11816e-25  2.71326e-25
 -1.15  2.92466501  7.24589e-01  6.83409e-01  2.25592e-25  2.83455e-25
 -1.14  2.85212882  7.65505e-01  7.23050e-01  2.41034e-25  2.97198e-25
 -1.13  2.73938383  8.07102e-01  7.64062e-01  2.58124e-25  3.12591e-25
 -1.12  2.57956651  8.48367e-01  8.05700e-01  2.76702e-25  3.29551e-25
 -1.11  2.36615802  8.87978e-01  8.46927e-01  2.96419e-25  3.47828e-25
 -1.10  2.09379240  9.24304e-01  8.86392e-01  3.16677e-25  3.66944e-25
 -1.09  1.75928860  9.55476e-01  9.22439e-01  3.36606e-25  3.86160e-25
 -1.08  1.36279198  9.79514e-01  9.53176e-01  3.55077e-25  4.04479e-25
 -1.07  0.90880087  9.94532e-01  9.76618e-01  3.70782e-25  4.20703e-25
 -1.06  0.40676588  9.98989e-01  9.90894e-01  3.82399e-25  4.33576e-25
 -1.05 -0.12905330  9.91942e-01  9.94506e-01  3.88805e-25  4.41980e-25
 -1.04 -0.68065256  9.73234e-01  9.86574e-01  3.89298e-25  4.45148e-25
 -1.03 -1.22818331  9.43552e-01  9.67017e-01  3.83756e-25  4.42831e-25
 -1.02 -1.75230584  9.04345e-01  9.36604e-01  3.72675e-25  4.35347e-25
 -1.01 -2.23643602  8.57613e-01  8.96850e-01  3.57058e-25  4.23516e-25
 -1.00 -2.66836546  8.05621e-01  8.49793e-01  3.38221e-25  4.08475e-25
 -0.99 -3.04097195  7.50629e-01  7.97714e-01  3.17553e-25  3.91475e-25
 -0.98 -3.35204081  6.94668e-01  7.42854e-01  2.96321e-25  3.73680e-25
 -0.97 -3.60344757  6.39410e-01  6.87214e-01  2.75543e-25  3.56052e-25
 -0.96 -3.80003792  5.86119e-01  6.32424e-01  2.55944e-25  3.39293e-25
 -0.95 -3.94849939  5.35664e-01  5.79704e-01  2.37967e-25  3.23850e-25
 -0.94 -4.05641503  4.88571e-01  5.29883e-01  2.21828e-25  3.09955e-25
 -0.93 -4.13158223  4.45094e-01  4.83457e-01  2.07571e-25  2.97678e-25
 -0.92 -4.18160403  4.05283e-01  4.40657e-01  1.95129e-25  2.86981e-25
 -0.91 -4.21372323  3.69046e-01  4.01516e-01  1.84369e-25  2.77758e-25
 -0.90 -4.23486512  3.36200e-01  3.65934e-01  1.75127e-25  2.69866e-25
 -0.89 -4.25187567  3.06505e-01  3.33727e-01  1.67230e-25  2.63153e-25
 -0.88 -4.27198905  2.79694e-01  3.04658e-01  1.60515e-25  2.57466e-25
 -0.87 -4.30364800  2.55490e-01  2.78469e-01  1.54836e-25  2.52662e-25
 -0.86 -4.35799478  2.33610e-01  2.54899e-01  1.50071e-25  2.48609e-25
 -0.85 -4.45182925  2.13772e-01  2.33692e-01  1.46132e-25  2.45190e-25
 -0.84 -4.61420943  1.95676e-01  2.14608e-01  1.42980e-25  2.42295e-25
 -0.83 -4.90357157  1.78966e-01  1.97423e-01  1.40674e-25  2.39818e-25
 -0.82 -5.46252632  1.63087e-01  1.81934e-01  1.39536e-25  2.37636e-25
 -0.81 -6.76411469  1.46676e-01  1.67958e-01  1.40987e-25  2.35545e-25
 -0.80 -11.91368734  1.22259e-01  1.55330e-01  1.57643e-25  2.33123e-25
 -0.79 18.59706227  2.09655e-01  1.43903e-01  1.62130e-25  2.61901e-25
 -0.78  2.15087342  1.39419e-01  1.33548e-01  1.20286e-25  2.37456e-25
 -0.77  0.06100727  1.24299e-01  1.24148e-01  1.20853e-25  2.35184e-25
 -0.76 -0.71863748  1.13951e-01  1.15601e-01  1.20828e-25  2.34141e-25
 -0.75 -1.10483937  1.05460e-01  1.07817e-01  1.20522e-25  2.33515e-25
 -0.74 -1.32177979  9.80879e-02  1.00716e-01  1.20122e-25  2.33121e-25
 -0.73 -1.45114191  9.15311e-02  9.42267e-02  1.19706e-25  2.32886e-25
 -0.72 -1.52978749  8.56269e-02  8.82874e-02  1.19308e-25  2.32772e-25
 -0.71 -1.57677387  8.02703e-02  8.28422e-02  1.18943e-25  2.32755e-25
 -0.70 -1.60292971  7.53859e-02  7.78421e-02  1.18616e-25  2.32819e-25
 -0.69 -1.61485012  7.09154e-02  7.32434e-02  1.18329e-25  2.32951e-25
 -0.68 -1.61677004  6.68115e-02  6.90074e-02  1.18080e-25  2.33142e-25
 -0.67 -1.61152393  6.30348e-02  6.50997e-02  1.17867e-25  2.33383e-25
 -0.66 -1.60107267  5.95515e-02  6.14894e-02  1.17688e-25  2.33669e-25
 -0.65 -1.58680964  5.63327e-02  5.81493e-02  1.17539e-25  2.33993e-25
 -0.64 -1.56974678  5.33530e-02  5.50547e-02  1.17419e-25  2.34351e-25
 -0.63 -1.55063239  5.05901e-02  5.21838e-02  1.17325e-25  2.34739e-25
 -0.62 -1.53002800  4.80244e-02  4.95168e-02  1.17254e-25  2.35153e-25
 -0.61 -1.50836015  4.56382e-02  4.70361e-02  1.17203e-25  2.35591e-25
 -0.60 -1.48595599  4.34161e-02  4.47258e-02  1.17172e-25  2.36050e-25
 -0.59 -1.46306843  4.13439e-02  4.25717e-02  1.17159e-25  2.36528e-25
 -0.58 -1.43989414  3.94092e-02  4.05607e-02  1.17161e-25  2.37022e-25
 -0.57 -1.41658671  3.76006e-02  3.86812e-02  1.17177e-25  2.37532e-25
 -0.56 -1.39326635  3.59080e-02  3.69228e-02  1.17206e-25  2.38054e-25
 -0.55 -1.37002728  3.43222e-02  3.52757e-02  1.17247e-25  2.38589e-25
 -0.54 -1.34694317  3.28348e-02  3.37314e-02  1.17298e-25  2.39134e-25
 -0.53 -1.32407150  3.14383e-02  3.22820e-02  1.17359e-25  2.39689e-25
 -0.52 -1.30145681  3.01257e-02  3.09202e-02  1.17429e-25  2.40252e-25
 -0.51 -1.27913329  2.88909e-02  2.96396e-02  1.17507e-25  2.40824e-25
 -0.50 -1.25712682  2.77282e-02  2.84342e-02  1.17592e-25  2.41402e-25
 -0.49 -1.23545658  2.66322e-02  2.72985e-02  1.17683e-25  2.41987e-25
 -0.48 -1.21413633  2.55984e-02  2.62277e-02  1.17780e-25  2.42577e-25
 -0.47 -1.19317544  2.46223e-02  2.52170e-02  1.17883e-25  2.43172e-25
 -0.46 -1.17257974  2.36999e-02  2.42623e-02  1.17991e-25  2.43772e-25
 -0.45 -1.15235218  2.28276e-02  2.33599e-02  1.18103e-25  2.44375e-25
 -0.44 -1.13249338  2.20020e-02  2.25061e-02  1.18219e-25  2.44983e-25
 -0.43 -1.11300208  2.12200e-02  2.16977e-02  1.18339e-25  2.45593e-25
 -0.42 -1.09387553  2.04788e-02  2.09317e-02  1.18462e-25  2.46206e-25
 -0.41 -1.07510973  1.97756e-02  2.02055e-02  1.18589e-25  2.46822e-25
 -0.40 -1.05669975  1.91082e-02  1.95163e-02  1.18718e-25  2.47440e-25
 -0.39 -1.03863988  1.84742e-02  1.88620e-02  1.18849e-25  2.48059e-25
 -0.38 -1.02092383  1.78716e-02  1.82402e-02  1.18983e-25  2.48680e-25
 -0.37 -1.00354486  1.72984e-02  1.76491e-02  1.19119e-25  2.49303e-25
 -0.36 -0.98649590  1.67529e-02  1.70867e-02  1.19256e-25  2.49926e-25
 -0.35 -0.96976961  1.62334e-02  1.65513e-02  1.19395e-25  2.50551e-25
 -0.34 -0.95335851  1.57383e-02  1.60413e-02  1.19536e-25  2.51176e-25
 -0.33 -0.93725503  1.52663e-02  1.55552e-02  1.19678e-25  2.51801e-25
 -0.32 -0.92145153  1.48160e-02  1.50916e-02  1.19821e-25  2.52427e-25
 -0.31 -0.90594039  1.43862e-02  1.46493e-02  1.19964e-25  2.53054e-25
 -0.30 -0.89071402  1.39758e-02  1.42270e-02  1.20109e-25  2.53680e-25
 -0.29 -0.87576488  1.35835e-02  1.38236e-02  1.20255e-25  2.54306e-25
 -0.28 -0.86108553  1.32086e-02  1.34380e-02  1.20401e-25  2.54931e-25
 -0.27 -0.84666864  1.28499e-02  1.30694e-02  1.20548e-25  2.55557e-25
 -0.26 -0.83250698  1.25067e-02  1.27167e-02  1.20695e-25  2.56182e-25
 -0.25 -0.81859348  1.21781e-02  1.23791e-02  1.20842e-25  2.56806e-25
 -0.24 -0.80492119  1.18634e-02  1.20559e-02  1.20990e-25  2.57430e-25
 -0.23 -0.79148331  1.15617e-02  1.17462e-02  1.21138e-25  2.58052e-25
 -0.22 -0.77827321  1.12726e-02  1.14494e-02  1.21286e-25  2.58674e-25
 -0.21 -0.76528438  1.09952e-02  1.11648e-02  1.21434e-25  2.59295e-25
 -0.20 -0.75251051  1.07291e-02  1.08918e-02  1.21582e-25  2.59915e-25
 -0.19 -0.73994541  1.04737e-02  1.06299e-02  1.21730e-25  2.60533e-25
 -0.18 -0.72758307  1.02284e-02  1.03783e-02  1.21878e-25  2.61151e-25
 -0.17 -0.71541762  9.99279e-03  1.01368e-02  1.22026e-25  2.61767e-25
 -0.16 -0.70344337  9.76635e-03  9.90473e-03  1.22173e-25  2.62382e-25
 -0.15 -0.69165476  9.54867e-03  9.68167e-03  1.22320e-25  2.62995e-25
 -0.14 -0.68004638  9.33933e-03  9.46722e-03  1.22467e-25  2.63607e-25
 -0.13 -0.66861297  9.13794e-03  9.26095e-03  1.22614e-25  2.64217e-25
 -0.12 -0.65734943  8.94414e-03  9.06250e-03  1.22760e-25  2.64826e-25
 -0.11 -0.64625077  8.75758e-03  8.87150e-03  1.22906e-25  2.65433e-25
 -0.10 -0.63531217  8.57793e-03  8.68762e-03  1.23051e-25  2.66038e-25
 -0.09 -0.62452891  8.40489e-03  8.51053e-03  1.23196e-25  2.66641e-25
 -0.08 -0.61389642  8.23816e-03  8.33993e-03  1.23340e-25  2.67243e-25
 -0.07 -0.60341026  8.07747e-03  8.17554e-03  1.23484e-25  2.67843e-25
 -0.06 -0.59306609  7.92256e-03  8.01709e-03  1.23627e-25  2.68440e-25
 -0.05 -0.58285972  7.77317e-03  7.86432e-03  1.23770e-25  2.69036e-25
 -0.04 -0.57278705  7.62908e-03  7.71698e-03  1.23912e-25  2.69630e-25
 -0.03 -0.56284409  7.49006e-03  7.57485e-03  1.24053e-25  2.70222e-25
 -0.02 -0.55302698  7.35590e-03  7.43771e-03  1.24194e-25  2.70812e-25
 -0.01 -0.54333195  7.22640e-03  7.30536e-03  1.24334e-25  2.71400e-25
  0.00 -0.53375532  7.10138e-03  7.17759e-03  1.24474e-25  2.71985e-25
  0.01 -0.52429353  6.98064e-03  7.05423e-03  1.24613e-25  2.72569e-25
  0.02 -0.51494310  6.86403e-03  6.93509e-03  1.24751e-25  2.73150e-25
  0.03 -0.50570065  6.75137e-03  6.82000e-03  1.24888e-25  2.73729e-25
  0.04 -0.49656288  6.64252e-03  6.70882e-03  1.25025e-25  2.74306e-25
  0.05 -0.48752657  6.53733e-03  6.60138e-03  1.25160e-25  2.74880e-25
  0.06 -0.47858861  6.43565e-03  6.49755e-03  1.25296e-25  2.75452e-25
  0.07 -0.46974593  6.33735e-03  6.39717e-03  1.25430e-25  2.76022e-25
  0.08 -0.46099556  6.24232e-03  6.30014e-03  1.25564e-25  2.76589e-25
  0.09 -0.45233461  6.15042e-03  6.20631e-03  1.25696e-25  2.77154e-25
  0.10 -0.44376024  6.06154e-03  6.11558e-03  1.25828e-25  2.77717e-25
  0.11 -0.43526970  5.97557e-03  6.02782e-03  1.25960e-25  2.78277e-25
  0.12 -0.42686030  5.89242e-03  5.94294e-03  1.26090e-25  2.78835e-25
  0.13 -0.41852939  5.81197e-03  5.86082e-03  1.26220e-25  2.79390e-25
  0.14 -0.41027442  5.73413e-03  5.78138e-03  1.26349e-25  2.79943e-25
  0.15 -0.40209288  5.65882e-03  5.70451e-03  1.26477e-25  2.80493e-25
  0.16 -0.39398232  5.58595e-03  5.63014e-03  1.26604e-25  2.81041e-25
  0.17 -0.38594035  5.51543e-03  5.55816e-03  1.26730e-25  2.81586e-25
  0.18 -0.37796462  5.44718e-03  5.48851e-03  1.26856e-25  2.82129e-25
  0.19 -0.37005284  5.38113e-03  5.42111e-03  1.26981e-25  2.82669e-25
  0.20 -0.36220278  5.31722e-03  5.35588e-03  1.27105e-25  2.83206e-25
  0.21 -0.35441224  5.25536e-03  5.29274e-03  1.27228e-25  2.83741e-25
  0.22 -0.34667909  5.19550e-03  5.23165e-03  1.27350e-25  2.84273e-25
  0.23 -0.33900121  5.13756e-03  5.17252e-03  1.27472e-25  2.84803e-25
  0.24 -0.33137657  5.08150e-03  5.11529e-03  1.27593e-25  2.85330e-25
  0.25 -0.32380313  5.02726e-03  5.05992e-03  1.27712e-25  2.85854e-25
  0.26 -0.31627893  4.97477e-03  5.00634e-03  1.27832e-25  2.86376e-25
  0.27 -0.30880204  4.92399e-03  4.95449e-03  1.27950e-25  2.86895e-25
  0.28 -0.30137055  4.87486e-03  4.90433e-03  1.28067e-25  2.87412e-25
  0.29 -0.29398261  4.82734e-03  4.85581e-03  1.28184e-25  2.87925e-25
  0.30 -0.28663639  4.78139e-03  4.80887e-03  1.28300e-25  2.88436e-25
  0.31 -0.27933009  4.73695e-03  4.76349e-03  1.28414e-25  2.88944e-25
  0.32 -0.27206197  4.69399e-03  4.71960e-03  1.28529e-25  2.89450e-25
  0.33 -0.26483029  4.65246e-03  4.67717e-03  1.28642e-25  2.89953e-25
  0.34 -0.25763335  4.61233e-03  4.63616e-03  1.28754e-25  2.90453e-25
  0.35 -0.25046949  4.57356e-03  4.59653e-03  1.28866e-25  2.90950e-25
  0.36 -0.24333707  4.53611e-03  4.55824e-03  1.28977e-25  2.91445e-25
  0.37 -0.23623449  4.49996e-03  4.52127e-03  1.29087e-25  2.91937e-25
  0.38 -0.22916015  4.46506e-03  4.48557e-03  1.29197e-25  2.92426e-25
  0.39 -0.22211250  4.43139e-03  4.45112e-03  1.29305e-25  2.92913e-25
  0.40 -0.21509000  4.39892e-03  4.41789e-03  1.29413e-25  2.93397e-25
  0.41 -0.20809116  4.36762e-03  4.38584e-03  1.29520e-25  2.93878e-25
  0.42 -0.20111448  4.33746e-03  4.35494e-03  1.29626e-25  2.94356e-25
  0.43 -0.19415851  4.30842e-03  4.32518e-03  1.29732e-25  2.94832e-25
  0.44 -0.18722180  4.28046e-03  4.29652e-03  1.29836e-25  2.95305e-25
  0.45 -0.18030295  4.25358e-03  4.26895e-03  1.29940e-25  2.95775e-25
  0.46 -0.17340055  4.22774e-03  4.24243e-03  1.30044e-25  2.96242e-25
  0.47 -0.16651323  4.20292e-03  4.21694e-03  1.30146e-25  2.96707e-25
  0.48 -0.15963964  4.17911e-03  4.19247e-03  1.30248e-25  2.97169e-25
  0.49 -0.15277844  4.15628e-03  4.16900e-03  1.30349e-25  2.97628e-25
  0.50 -0.14592832  4.13441e-03  4.14649e-03  1.30449e-25  2.98084e-25
  0.51 -0.13908799  4.11349e-03  4.12495e-03  1.30549e-25  2.98538e-25
  0.52 -0.13225617  4.09350e-03  4.10434e-03  1.30647e-25  2.98989e-25
  0.53 -0.12543160  4.07442e-03  4.08465e-03  1.30746e-25  2.99438e-25
  0.54 -0.11861304  4.05623e-03  4.06587e-03  1.30843e-25  2.99883e-25
  0.55 -0.11179927  4.03893e-03  4.04798e-03  1.30940e-25  3.00326e-25
  0.56 -0.10498910  4.02250e-03  4.03096e-03  1.31036e-25  3.00766e-25
  0.57 -0.09818133  4.00693e-03  4.01480e-03  1.31131e-25  3.01204e-25
  0.58 -0.09137480  3.99219e-03  3.99950e-03  1.31226e-25  3.01639e-25
  0.59 -0.08456836  3.97829e-03  3.98503e-03  1.31320e-25  3.02071e-25
  0.60 -0.07776088  3.96521e-03  3.97138e-03  1.31414e-25  3.02501e-25
  0.61 -0.07095125  3.95294e-03  3.95855e-03  1.31506e-25  3.02928e-25
  0.62 -0.06413839  3.94146e-03  3.94652e-03  1.31598e-25  3.03352e-25
  0.63 -0.05732121  3.93078e-03  3.93529e-03  1.31690e-25  3.03774e-25
  0.64 -0.05049866  3.92088e-03  3.92484e-03  1.31781e-25  3.04193e-25
  0.65 -0.04366972  3.91175e-03  3.91517e-03  1.31871e-25  3.04609e-25
  0.66 -0.03683336  3.90339e-03  3.90627e-03  1.31961e-25  3.05023e-25
  0.67 -0.02998859  3.89579e-03  3.89813e-03  1.32050e-25  3.05435e-25
  0.68 -0.02313445  3.88894e-03  3.89074e-03  1.32139e-25  3.05843e-25
  0.69 -0.01626998  3.88284e-03  3.88410e-03  1.32227e-25  3.06249e-25
  0.70 -0.00939427  3.87748e-03  3.87821e-03  1.32314e-25  3.06653e-25
  0.71 -0.00250642  3.87286e-03  3.87305e-03  1.32401e-25  3.07054e-25
  0.72  0.00439445  3.86897e-03  3.86863e-03  1.32487e-25  3.07453e-25
  0.73  0.01130919  3.86580e-03  3.86493e-03  1.32573e-25  3.07849e-25
  0.74  0.01823859  3.86337e-03  3.86196e-03  1.32659e-25  3.08242e-25
  0.75  0.02518346  3.86166e-03  3.85971e-03  1.32743e-25  3.08633e-25
  0.76  0.03214455  3.86067e-03  3.85819e-03  1.32828e-25  3.09022e-25
  0.77  0.03912257  3.86040e-03  3.85738e-03  1.32912e-25  3.09408e-25
  0.78  0.04611819  3.86084e-03  3.85728e-03  1.32995e-25  3.09792e-25
  0.79  0.05313208  3.86201e-03  3.85791e-03  1.33078e-25  3.10173e-25
  0.80  0.06016481  3.86389e-03  3.85925e-03  1.33160e-25  3.10552e-25
  0.81  0.06721695  3.86649e-03  3.86130e-03  1.33242e-25  3.10929e-25
  0.82  0.07428900  3.86981e-03  3.86407e-03  1.33324e-25  3.11303e-25
  0.83  0.08138141  3.87385e-03  3.86755e-03  1.33405e-25  3.11675e-25
  0.84  0.08849459  3.87861e-03  3.87175e-03  1.33486e-25  3.12044e-25
  0.85  0.09562885  3.88409e-03  3.87667e-03  1.33566e-25  3.12412e-25
  0.86  0.10278447  3.89030e-03  3.88231e-03  1.33646e-25  3.12777e-25
  0.87  0.10996166  3.89724e-03  3.88868e-03  1.33725e-25  3.13140e-25
  0.88  0.11716052  3.90491e-03  3.89578e-03  1.33804e-25  3.13500e-25
  0.89  0.12438109  3.91332e-03  3.90360e-03  1.33883e-25  3.13858e-25
  0.90  0.13162332  3.92248e-03  3.91216e-03  1.33962e-25  3.14214e-25
  0.91  0.13888705  3.93238e-03  3.92147e-03  1.34040e-25  3.14568e-25
  0.92  0.14617202  3.94303e-03  3.93152e-03  1.34118e-25  3.14920e-25
  0.93  0.15347785  3.95444e-03  3.94232e-03  1.34195e-25  3.15270e-25
  0.94  0.16080403  3.96662e-03  3.95388e-03  1.34272e-25  3.15618e-25
  0.95  0.16814990  3.97957e-03  3.96621e-03  1.34349e-25  3.15963e-25
  0.96  0.17551467  3.99330e-03  3.97931e-03  1.34426e-25  3.16307e-25
  0.97  0.18289737  4.00783e-03  3.99319e-03  1.34502e-25  3.16648e-25
  0.98  0.19029683  4.02315e-03  4.00787e-03  1.34578e-25  3.16988e-25
  0.99  0.19771169  4.03928e-03  4.02334e-03  1.34654e-25  3.17325e-25
  1.00  0.20514039  4.05623e-03  4.03962e-03  1.34730e-25  3.17661e-25
  1.01  0.21258110  4.07400e-03  4.05672e-03  1.34806e-25  3.17995e-25
  1.02  0.22003171  4.09262e-03  4.07465e-03  1.34881e-25  3.18327e-25
  1.03  0.22748986  4.11209e-03  4.09342e-03  1.34956e-25  3.18657e-25
  1.04  0.23495280  4.13243e-03  4.11305e-03  1.35031e-25  3.18985e-25
  1.05  0.24241749  4.15364e-03  4.13355e-03  1.35106e-25  3.19311e-25
  1.06  0.24988042  4.17574e-03  4.15493e-03  1.35180e-25  3.19636e-25
  1.07  0.25733769  4.19876e-03  4.17720e-03  1.35255e-25  3.19959e-25
  1.08  0.26478487  4.22269e-03  4.20039e-03  1.35329e-25  3.20281e-25
  1.09  0.27221702  4.24757e-03  4.22451e-03  1.35403e-25  3.20601e-25
  1.10  0.27962856  4.27340e-03  4.24957e-03  1.35477e-25  3.20919e-25
  1.11  0.28701324  4.30020e-03  4.27559e-03  1.35551e-25  3.21236e-25
  1.12  0.29436405  4.32800e-03  4.30259e-03  1.35625e-25  3.21551e-25
  1.13  0.30167313  4.35680e-03  4.33059e-03  1.35699e-25  3.21865e-25
  1.14  0.30893166  4.38664e-03  4.35962e-03  1.35773e-25  3.22177e-25
  1.15  0.31612975  4.41753e-03  4.38969e-03  1.35847e-25  3.22488e-25
  1.16  0.32325629  4.44949e-03  4.42082e-03  1.35921e-25  3.22798e-25
  1.17  0.33029881  4.48255e-03  4.45304e-03  1.35995e-25  3.23107e-25
  1.18  0.33724329  4.51674e-03  4.48637e-03  1.36069e-25  3.23414e-25
  1.19  0.34407394  4.55206e-03  4.52085e-03  1.36143e-25  3.23720e-25
  1.20  0.35077297  4.58856e-03  4.55649e-03  1.36217e-25  3.24026e-25
  1.21  0.35732029  4.62626e-03  4.59332e-03  1.36291e-25  3.24330e-25
  1.22  0.36369317  4.66519e-03  4.63138e-03  1.36365e-25  3.24634e-25
  1.23  0.36986590  4.70538e-03  4.67070e-03  1.36439e-25  3.24936e-25
  1.24  0.37580923  4.74685e-03  4.71130e-03  1.36513e-25  3.25238e-25
  1.25  0.38148991  4.78964e-03  4.75323e-03  1.36587e-25  3.25540e-25
  1.26  0.38686996  4.83378e-03  4.79652e-03  1.36662e-25  3.25841e-25
  1.27  0.39190592  4.87931e-03  4.84122e-03  1.36736e-25  3.26141e-25
  1.28  0.39654787  4.92627e-03  4.88735e-03  1.36811e-25  3.26441e-25
  1.29  0.40073830  4.97468e-03  4.93497e-03  1.36886e-25  3.26741e-25
  1.30  0.40441068  5.02460e-03  4.98412e-03  1.36961e-25  3.27042e-25
  1.31  0.40748770  5.07605e-03  5.03485e-03  1.37036e-25  3.27342e-25
  1.32  0.40987917  5.12909e-03  5.08721e-03  1.37112e-25  3.27643e-25
  1.33  0.41147927  5.18375e-03  5.14127e-03  1.37188e-25  3.27945e-25
  1.34  0.41216325  5.24009e-03  5.19707e-03  1.37264e-25  3.28247e-25
  1.35  0.41178304  5.29815e-03  5.25469e-03  1.37340e-25  3.28551e-25
  1.36  0.41016183  5.35798e-03  5.31421e-03  1.37416e-25  3.28856e-25
  1.37  0.40708689  5.41963e-03  5.37568e-03  1.37493e-25  3.29164e-25
  1.38  0.40230018  5.48316e-03  5.43922e-03  1.37570e-25  3.29474e-25
  1.39  0.39548595  5.54862e-03  5.50490e-03  1.37647e-25  3.29787e-25
  1.40  0.38625389  5.61607e-03  5.57285e-03  1.37724e-25  3.30105e-25
  1.41  0.37411620  5.68558e-03  5.64319e-03  1.37802e-25  3.30427e-25
  1.42  0.35845549  5.75720e-03  5.71607e-03  1.37880e-25  3.30755e-25
  1.43  0.33847924  5.83100e-03  5.79166e-03  1.37958e-25  3.31092e-25
  1.44  0.31315362  5.90706e-03  5.87018e-03  1.38037e-25  3.31437e-25
  1.45  0.28110479  5.98544e-03  5.95188e-03  1.38115e-25  3.31795e-25
  1.46  0.24046764  6.06622e-03  6.03712e-03  1.38194e-25  3.32169e-25
  1.47  0.18864578  6.14948e-03  6.12632e-03  1.38273e-25  3.32564e-25
  1.48  0.12191580  6.23530e-03  6.22012e-03  1.38352e-25  3.32987e-25
  1.49  0.03474333  6.32377e-03  6.31938e-03  1.38431e-25  3.33448e-25
  1.50 -0.08146733  6.41497e-03  6.42543e-03  1.38509e-25  3.33965e-25
  1.51 -0.24082547  6.50900e-03  6.54043e-03  1.38587e-25  3.34565e-25
  1.52 -0.46821196  6.60596e-03  6.66811e-03  1.38664e-25  3.35299e-25
  1.53 -0.81196892  6.70595e-03  6.81574e-03  1.38738e-25  3.36267e-25
  1.54 -1.38004236  6.80907e-03  6.99964e-03  1.38810e-25  3.37699e-25
  1.55 -2.47255837  6.91544e-03  7.26609e-03  1.38880e-25  3.40279e-25
  1.56 -5.34916391  7.02518e-03  7.81923e-03  1.38988e-25  3.47231e-25
  1.57 -29.85739457  7.13839e-03  1.32155e-02  1.43519e-25  4.52422e-25
  1.58 11.65325317  7.25522e-03  5.74077e-03  1.40392e-25  3.21848e-25
  1.59  5.80687787  7.37580e-03  6.56620e-03  1.39675e-25  3.27483e-25
  1.60  4.17773941  7.50025e-03  6.89870e-03  1.39616e-25  3.29951e-25
  1.61  3.42499914  7.62874e-03  7.12348e-03  1.39647e-25  3.31353e-25
  1.62  2.99832395  7.76142e-03  7.30954e-03  1.39708e-25  3.32308e-25
  1.63  2.72847152  7.89843e-03  7.47887e-03  1.39782e-25  3.33035e-25
  1.64  2.54616484  8.03996e-03  7.64070e-03  1.39863e-25  3.33632e-25
  1.65  2.41779572  8.18617e-03  7.79967e-03  1.39948e-25  3.34146e-25
  1.66  2.32509286  8.33726e-03  7.95837e-03  1.40037e-25  3.34605e-25
  1.67  2.25727318  8.49341e-03  8.11844e-03  1.40128e-25  3.35026e-25
  1.68  2.20756534  8.65484e-03  8.28097e-03  1.40222e-25  3.35419e-25
  1.69  2.17150550  8.82174e-03  8.44675e-03  1.40317e-25  3.35792e-25
  1.70  2.14603392  8.99435e-03  8.61642e-03  1.40414e-25  3.36150e-25
  1.71  2.12898522  9.17290e-03  8.79047e-03  1.40513e-25  3.36495e-25
  1.72  2.11878580  9.35764e-03  8.96934e-03  1.40613e-25  3.36831e-25
  1.73  2.11426638  9.54884e-03  9.15342e-03  1.40715e-25  3.37159e-25
  1.74  2.11454163  9.74675e-03  9.34309e-03  1.40818e-25  3.37482e-25
  1.75  2.11893049  9.95167e-03  9.53869e-03  1.40923e-25  3.37799e-25
  1.76  2.12690195  1.01639e-02  9.74056e-03  1.41029e-25  3.38114e-25
  1.77  2.13803730  1.03838e-02  9.94906e-03  1.41137e-25  3.38425e-25
  1.78  2.15200333  1.06116e-02  1.01645e-02  1.41246e-25  3.38734e-25
  1.79  2.16853288  1.08478e-02  1.03873e-02  1.41357e-25  3.39042e-25
  1.80  2.18741056  1.10926e-02  1.06177e-02  1.41469e-25  3.39349e-25
  1.81  2.20846208  1.13466e-02  1.08562e-02  1.41584e-25  3.39654e-25
  1.82  2.23154618  1.16100e-02  1.11032e-02  1.41700e-25  3.39960e-25
  1.83  2.25654845  1.18834e-02  1.13590e-02  1.41817e-25  3.40266e-25
  1.84  2.28337653  1.21673e-02  1.16240e-02  1.41937e-25  3.40572e-25
  1.85  2.31195638  1.24620e-02  1.18988e-02  1.42058e-25  3.40879e-25
  1.86  2.34222935  1.27681e-02  1.21837e-02  1.42181e-25  3.41186e-25
  1.87  2.37414982  1.30862e-02  1.24792e-02  1.42307e-25  3.41495e-25
  1.88  2.40768335  1.34168e-02  1.27860e-02  1.42434e-25  3.41805e-25
  1.89  2.44280515  1.37606e-02  1.31044e-02  1.42563e-25  3.42117e-25
  1.90  2.47949890  1.41183e-02  1.34351e-02  1.42695e-25  3.42431e-25
  1.91  2.51775576  1.44904e-02  1.37786e-02  1.42829e-25  3.42747e-25
  1.92  2.55757354  1.48778e-02  1.41357e-02  1.42966e-25  3.43065e-25
  1.93  2.59895612  1.52811e-02  1.45070e-02  1.43105e-25  3.43386e-25
  1.94  2.64191286  1.57013e-02  1.48931e-02  1.43246e-25  3.43710e-25
  1.95  2.68645818  1.61393e-02  1.52948e-02  1.43390e-25  3.44037e-25
  1.96  2.73261127  1.65959e-02  1.57130e-02  1.43538e-25  3.44367e-25
  1.97  2.78039578  1.70721e-02  1.61484e-02  1.43688e-25  3.44700e-25
  1.98  2.82983958  1.75690e-02  1.66020e-02  1.43841e-25  3.45038e-25
  1.99  2.88097467  1.80878e-02  1.70747e-02  1.43997e-25  3.45379e-25
  2.00  2.93383701  1.86295e-02  1.75676e-02  1.44157e-25  3.45724e-25
  2.01  2.98846641  1.91956e-02  1.80816e-02  1.44320e-25  3.46074e-25
  2.02  3.04490658  1.97873e-02  1.86179e-02  1.44487e-25  3.46429e-25
  2.03  3.10320500  2.04061e-02  1.91778e-02  1.44658e-25  3.46789e-25
  2.04  3.16341300  2.10537e-02  1.97625e-02  1.44833e-25  3.47155e-25
  2.05  3.22558575  2.17315e-02  2.03734e-02  1.45012e-25  3.47526e-25
  2.06  3.28978234  2.24415e-02  2.10120e-02  1.45196e-25  3.47903e-25
  2.07  3.35606585  2.31855e-02  2.16798e-02  1.45384e-25  3.48287e-25
  2.08  3.42450341  2.39655e-02  2.23785e-02  1.45577e-25  3.48677e-25
  2.09  3.49516634  2.47839e-02  2.31099e-02  1.45776e-25  3.49075e-25
  2.10  3.56813026  2.56428e-02  2.38759e-02  1.45981e-25  3.49481e-25
  2.11  3.64347527  2.65449e-02  2.46786e-02  1.46191e-25  3.49894e-25
  2.12  3.72128605  2.74928e-02  2.55200e-02  1.46408e-25  3.50317e-25
  2.13  3.80165206  2.84895e-02  2.64027e-02  1.46631e-25  3.50748e-25
  2.14  3.88466776  2.95381e-02  2.73290e-02  1.46861e-25  3.51189e-25
  2.15  3.97043275  3.06420e-02  2.83017e-02  1.47099e-25  3.51640e-25
  2.16  4.05905205  3.18049e-02  2.93236e-02  1.47345e-25  3.52103e-25
  2.17  4.15063628  3.30306e-02  3.03979e-02  1.47600e-25  3.52577e-25
  2.18  4.24530192  3.43235e-02  3.15279e-02  1.47864e-25  3.53063e-25
  2.19  4.34317159  3.56882e-02  3.27172e-02  1.48137e-25  3.53562e-25
  2.20  4.44437425  3.71296e-02  3.39697e-02  1.48422e-25  3.54075e-25
  2.21  4.54904554  3.86531e-02  3.52895e-02  1.48717e-25  3.54603e-25
  2.22  4.65732802  4.02647e-02  3.66811e-02  1.49025e-25  3.55147e-25
  2.23  4.76937144  4.19705e-02  3.81493e-02  1.49345e-25  3.55708e-25
  2.24  4.88533307  4.37777e-02  3.96995e-02  1.49680e-25  3.56287e-25
  2.25  5.00537793  4.56935e-02  4.13373e-02  1.50029e-25  3.56886e-25
  2.26  5.12967910  4.77263e-02  4.30688e-02  1.50395e-25  3.57504e-25
  2.27  5.25841792  4.98848e-02  4.49006e-02  1.50779e-25  3.58146e-25
  2.28  5.39178431  5.21788e-02  4.68399e-02  1.51182e-25  3.58810e-25
  2.29  5.52997687  5.46189e-02  4.88946e-02  1.51606e-25  3.59501e-25
  2.30  5.67320310  5.72166e-02  5.10731e-02  1.52052e-25  3.60219e-25
  2.31  5.82167946  5.99846e-02  5.33846e-02  1.52523e-25  3.60966e-25
  2.32  5.97563141  6.29367e-02  5.58391e-02  1.53020e-25  3.61745e-25
  2.33  6.13529329  6.60881e-02  5.84475e-02  1.53547e-25  3.62558e-25
  2.34  6.30090808  6.94554e-02  6.12216e-02  1.54106e-25  3.63409e-25
  2.35  6.47272707  7.30569e-02  6.41743e-02  1.54700e-25  3.64299e-25
  2.36  6.65100921  7.69127e-02  6.73198e-02  1.55332e-25  3.65233e-25
  2.37  6.83602025  8.10448e-02  7.06733e-02  1.56006e-25  3.66214e-25
  2.38  7.02803156  8.54776e-02  7.42518e-02  1.56727e-25  3.67246e-25
  2.39  7.22731856  9.02378e-02  7.80734e-02  1.57499e-25  3.68334e-25
  2.40  7.43415857  9.53551e-02  8.21584e-02  1.58327e-25  3.69483e-25
  2.41  7.64882815  1.00862e-01  8.65287e-02  1.59218e-25  3.70697e-25
  2.42  7.87159962  1.06794e-01  9.12083e-02  1.60178e-25  3.71984e-25
  2.43  8.10273667  1.13192e-01  9.62235e-02  1.61214e-25  3.73349e-25
  2.44  8.34248885  1.20099e-01  1.01603e-01  1.62336e-25  3.74801e-25
  2.45  8.59108464  1.27563e-01  1.07379e-01  1.63552e-25  3.76348e-25
  2.46  8.84872294  1.35639e-01  1.13586e-01  1.64874e-25  3.78000e-25
  2.47  9.11556240  1.44385e-01  1.20261e-01  1.66313e-25  3.79765e-25
  2.48  9.39170839  1.53868e-01  1.27447e-01  1.67884e-25  3.81657e-25
  2.49  9.67719697  1.64157e-01  1.35189e-01  1.69602e-25  3.83689e-25
  2.50  9.97197530  1.75335e-01  1.43537e-01  1.71485e-25  3.85873e-25
  2.51 10.27587782  1.87486e-01  1.52545e-01  1.73552e-25  3.88227e-25
  2.52 10.58859739  2.00707e-01  1.62273e-01  1.75827e-25  3.90769e-25
  2.53 10.90965052  2.15102e-01  1.72785e-01  1.78335e-25  3.93518e-25
  2.54 11.23833571  2.30784e-01  1.84152e-01  1.81104e-25  3.96497e-25
  2.55 11.57368376  2.47875e-01  1.96450e-01  1.84168e-25  3.99730e-25
  2.56 11.91439922  2.66506e-01  2.09761e-01  1.87562e-25  4.03244e-25
  2.57 12.25879175  2.86814e-01  2.24173e-01  1.91329e-25  4.07069e-25
  2.58 12.60469690  3.08944e-01  2.39779e-01  1.95514e-25  4.11238e-25
  2.59 12.94938584  3.33043e-01  2.56678e-01  2.00171e-25  4.15786e-25
  2.60 13.28946477  3.59258e-01  2.74973e-01  2.05356e-25  4.20753e-25
  2.61 13.62076551  3.87730e-01  2.94768e-01  2.11135e-25  4.26182e-25
  2.62 13.93823109  4.18582e-01  3.16171e-01  2.17583e-25  4.32117e-25
  2.63 14.23580222  4.51918e-01  3.39284e-01  2.24781e-25  4.38609e-25
  2.64 14.50631398  4.87800e-01  3.64206e-01  2.32826e-25  4.45713e-25
  2.65 14.74141528  5.26237e-01  3.91021e-01  2.41832e-25  4.53492e-25
  2.66 14.93152560  5.67164e-01  4.19796e-01  2.51943e-25  4.62022e-25
  2.67 15.06583999  6.10417e-01  4.50571e-01  2.63349e-25  4.71402e-25
  2.68 15.13237056  6.55715e-01  4.83348e-01  2.76331e-25  4.81780e-25
  2.69 15.11793142  7.02627e-01  5.18081e-01  2.91337e-25  4.93395e-25
  2.70 15.00769901  7.50541e-01  5.54660e-01  3.09159e-25  5.06685e-25
  2.71 14.78298509  7.98604e-01  5.92899e-01  3.31338e-25  5.22519e-25
  2.72 14.41172184  8.45532e-01  6.32519e-01  3.61223e-25  5.42823e-25
  2.73 13.80469614  8.88757e-01  6.73142e-01  4.07317e-25  5.72528e-25
  2.74 12.55309724  9.19345e-01  7.14275e-01  4.97085e-25  6.27589e-25
  2.75  7.09038200  8.70601e-01  7.55317e-01  7.65236e-25  7.85835e-25
  2.76 -85.56857635  6.18695e-02  7.95559e-01  1.42164e-24  1.15630e-24
  2.77 -8.03459961  7.10126e-01  8.34207e-01  2.59295e-25  4.87673e-25
  2.78  1.84343518  9.03107e-01  8.70413e-01  2.09650e-25  4.63975e-25
  2.79  3.12895683  9.61670e-01  9.03315e-01  2.22995e-25  4.74543e-25
  2.80  2.75641714  9.84929e-01  9.32088e-01  2.35401e-25  4.83962e-25
  2.81  1.81339204  9.91310e-01  9.55997e-01  2.43693e-25  4.90888e-25
  2.82  0.62668473  9.86737e-01  9.74447e-01  2.48687e-25  4.96112e-25
  2.83 -0.65923302  9.74086e-01  9.87014e-01  2.51371e-25  5.00538e-25
  2.84 -1.96114664  9.55251e-01  9.93468e-01  2.52595e-25  5.05091e-25
  2.85 -3.22179848  9.31722e-01  9.93757e-01  2.53113e-25  5.10845e-25
  2.86 -4.39619182  9.04758e-01  9.87966e-01  2.53680e-25  5.19258e-25
  2.87 -5.44306069  8.75437e-01  9.76225e-01  2.55197e-25  5.32663e-25
  2.88 -6.31414924  8.44673e-01  9.58530e-01  2.59038e-25  5.55440e-25
  2.89 -6.93094233  8.13221e-01  9.34344e-01  2.67957e-25  5.97379e-25
  2.90 -7.11289105  7.81692e-01  9.01409e-01  2.89284e-25  6.85745e-25
  2.91 -6.25307724  7.50560e-01  8.50687e-01  3.51369e-25  9.27441e-25
  2.92 -0.32855451  7.20185e-01  7.24933e-01  6.78027e-25  2.17036e-24
  2.93 16.27595361  6.90829e-01  4.97429e-01  4.48571e-24  1.66898e-23
  2.94 -16.59682000  6.62670e-01  9.26406e-01  3.79342e-25  1.06966e-24
  2.95 -15.75529283  6.35821e-01  8.73641e-01  2.37152e-25  5.28713e-25
  2.96 -15.46450551  6.10344e-01  8.33650e-01  2.11036e-25  4.31544e-25
  2.97 -15.40831595  5.86261e-01  7.99835e-01  2.02620e-25  4.01926e-25
  2.98 -15.44375740  5.63565e-01  7.69429e-01  1.99024e-25  3.90432e-25
  2.99 -15.51307898  5.42227e-01  7.41349e-01  1.97196e-25  3.85343e-25
