#qt -c t24 dtda_t24.out
# E-Efermi, percentage polarization,Tuu,Tdd,Tdu,Tud 
 -2.00 -1.24301075  9.03771e-01  9.26522e-01  0.00000e+00  0.00000e+00
 -1.99 -1.41742099  8.74758e-01  8.99912e-01  0.00000e+00  0.00000e+00
 -1.98 -1.55650233  8.43922e-01  8.70609e-01  0.00000e+00  0.00000e+00
 -1.97 -1.66245283  8.11946e-01  8.39399e-01  0.00000e+00  0.00000e+00
 -1.96 -1.73805506  7.79433e-01  8.07006e-01  0.00000e+00  0.00000e+00
 -1.95 -1.78643428  7.46899e-01  7.74070e-01  0.00000e+00  0.00000e+00
 -1.94 -1.81085119  7.14769e-01  7.41133e-01  0.00000e+00  0.00000e+00
 -1.93 -1.81453810  6.83379e-01  7.08638e-01  0.00000e+00  0.00000e+00
 -1.92 -1.80057936  6.52988e-01  6.76934e-01  0.00000e+00  0.00000e+00
 -1.91 -1.77183214  6.23780e-01  6.46283e-01  0.00000e+00  0.00000e+00
 -1.90 -1.73088098  5.95881e-01  6.16872e-01  0.00000e+00  0.00000e+00
 -1.89 -1.68001863  5.69368e-01  5.88826e-01  0.00000e+00  0.00000e+00
 -1.88 -1.62124592  5.44277e-01  5.62216e-01  0.00000e+00  0.00000e+00
 -1.87 -1.55628468  5.20614e-01  5.37075e-01  0.00000e+00  0.00000e+00
 -1.86 -1.48659858  4.98361e-01  5.13402e-01  0.00000e+00  0.00000e+00
 -1.85 -1.41341812  4.77482e-01  4.91174e-01  0.00000e+00  0.00000e+00
 -1.84 -1.33776726  4.57930e-01  4.70349e-01  0.00000e+00  0.00000e+00
 -1.83 -1.26048964  4.39650e-01  4.50875e-01  0.00000e+00  0.00000e+00
 -1.82 -1.18227339  4.22579e-01  4.32691e-01  0.00000e+00  0.00000e+00
 -1.81 -1.10367388  4.06657e-01  4.15733e-01  0.00000e+00  0.00000e+00
 -1.80 -1.02513405  3.91819e-01  3.99935e-01  0.00000e+00  0.00000e+00
 -1.79 -0.94700229  3.78002e-01  3.85230e-01  0.00000e+00  0.00000e+00
 -1.78 -0.86954803  3.65145e-01  3.71551e-01  0.00000e+00  0.00000e+00
 -1.77 -0.79297498  3.53191e-01  3.58837e-01  0.00000e+00  0.00000e+00
 -1.76 -0.71743256  3.42083e-01  3.47027e-01  0.00000e+00  0.00000e+00
 -1.75 -0.64302546  3.31769e-01  3.36063e-01  0.00000e+00  0.00000e+00
 -1.74 -0.56982169  3.22200e-01  3.25893e-01  0.00000e+00  0.00000e+00
 -1.73 -0.49785935  3.13329e-01  3.16465e-01  0.00000e+00  0.00000e+00
 -1.72 -0.42715221  3.05116e-01  3.07733e-01  0.00000e+00  0.00000e+00
 -1.71 -0.35769437  2.97519e-01  2.99655e-01  0.00000e+00  0.00000e+00
 -1.70 -0.28946410  2.90503e-01  2.92190e-01  0.00000e+00  0.00000e+00
 -1.69 -0.22242698  2.84036e-01  2.85302e-01  0.00000e+00  0.00000e+00
 -1.68 -0.15653852  2.78086e-01  2.78958e-01  0.00000e+00  0.00000e+00
 -1.67 -0.09174624  2.72626e-01  2.73126e-01  0.00000e+00  0.00000e+00
 -1.66 -0.02799142  2.67630e-01  2.67780e-01  0.00000e+00  0.00000e+00
 -1.65  0.03478956  2.63078e-01  2.62895e-01  0.00000e+00  0.00000e+00
 -1.64  0.09666404  2.58946e-01  2.58446e-01  0.00000e+00  0.00000e+00
 -1.63  0.15770224  2.55219e-01  2.54415e-01  0.00000e+00  0.00000e+00
 -1.62  0.21797655  2.51879e-01  2.50783e-01  0.00000e+00  0.00000e+00
 -1.61  0.27756096  2.48912e-01  2.47534e-01  0.00000e+00  0.00000e+00
 -1.60  0.33653065  2.46306e-01  2.44654e-01  0.00000e+00  0.00000e+00
 -1.59  0.39496168  2.44051e-01  2.42131e-01  0.00000e+00  0.00000e+00
 -1.58  0.45293073  2.42137e-01  2.39953e-01  0.00000e+00  0.00000e+00
 -1.57  0.51051494  2.40557e-01  2.38113e-01  0.00000e+00  0.00000e+00
 -1.56  0.56779181  2.39306e-01  2.36604e-01  0.00000e+00  0.00000e+00
 -1.55  0.62483913  2.38379e-01  2.35419e-01  0.00000e+00  0.00000e+00
 -1.54  0.68173489  2.37775e-01  2.34555e-01  0.00000e+00  0.00000e+00
 -1.53  0.73855735  2.37493e-01  2.34011e-01  0.00000e+00  0.00000e+00
 -1.52  0.79538494  2.37533e-01  2.33784e-01  0.00000e+00  0.00000e+00
 -1.51  0.85229635  2.37898e-01  2.33877e-01  0.00000e+00  0.00000e+00
 -1.50  0.90937045  2.38591e-01  2.34291e-01  0.00000e+00  0.00000e+00
 -1.49  0.96668632  2.39620e-01  2.35031e-01  0.00000e+00  0.00000e+00
 -1.48  1.02432320  2.40990e-01  2.36104e-01  0.00000e+00  0.00000e+00
 -1.47  1.08236042  2.42713e-01  2.37515e-01  0.00000e+00  0.00000e+00
 -1.46  1.14087727  2.44799e-01  2.39277e-01  0.00000e+00  0.00000e+00
 -1.45  1.19995283  2.47263e-01  2.41399e-01  0.00000e+00  0.00000e+00
 -1.44  1.25966568  2.50119e-01  2.43896e-01  0.00000e+00  0.00000e+00
 -1.43  1.32009358  2.53387e-01  2.46785e-01  0.00000e+00  0.00000e+00
 -1.42  1.38131291  2.57088e-01  2.50083e-01  0.00000e+00  0.00000e+00
 -1.41  1.44339803  2.61246e-01  2.53812e-01  0.00000e+00  0.00000e+00
 -1.40  1.50642040  2.65889e-01  2.57997e-01  0.00000e+00  0.00000e+00
 -1.39  1.57044739  2.71046e-01  2.62664e-01  0.00000e+00  0.00000e+00
 -1.38  1.63554083  2.76753e-01  2.67846e-01  0.00000e+00  0.00000e+00
 -1.37  1.70175506  2.83050e-01  2.73577e-01  0.00000e+00  0.00000e+00
 -1.36  1.76913448  2.89978e-01  2.79896e-01  0.00000e+00  0.00000e+00
 -1.35  1.83771048  2.97588e-01  2.86848e-01  0.00000e+00  0.00000e+00
 -1.34  1.90749741  3.05934e-01  2.94481e-01  0.00000e+00  0.00000e+00
 -1.33  1.97848765  3.15077e-01  3.02851e-01  0.00000e+00  0.00000e+00
 -1.32  2.05064524  3.25083e-01  3.12018e-01  0.00000e+00  0.00000e+00
 -1.31  2.12389791  3.36029e-01  3.22052e-01  0.00000e+00  0.00000e+00
 -1.30  2.19812710  3.47996e-01  3.33026e-01  0.00000e+00  0.00000e+00
 -1.29  2.27315534  3.61077e-01  3.45026e-01  0.00000e+00  0.00000e+00
 -1.28  2.34873050  3.75371e-01  3.58143e-01  0.00000e+00  0.00000e+00
 -1.27  2.42450614  3.90989e-01  3.72478e-01  0.00000e+00  0.00000e+00
 -1.26  2.50001699  4.08047e-01  3.88143e-01  0.00000e+00  0.00000e+00
 -1.25  2.57464872  4.26674e-01  4.05255e-01  0.00000e+00  0.00000e+00
 -1.24  2.64760063  4.47002e-01  4.23943e-01  0.00000e+00  0.00000e+00
 -1.23  2.71784034  4.69170e-01  4.44342e-01  0.00000e+00  0.00000e+00
 -1.22  2.78404920  4.93315e-01  4.66591e-01  0.00000e+00  0.00000e+00
 -1.21  2.84455766  5.19569e-01  4.90828e-01  0.00000e+00  0.00000e+00
 -1.20  2.89727087  5.48049e-01  5.17186e-01  0.00000e+00  0.00000e+00
 -1.19  2.93958555  5.78839e-01  5.45780e-01  0.00000e+00  0.00000e+00
 -1.18  2.96830265  6.11980e-01  5.76696e-01  0.00000e+00  0.00000e+00
 -1.17  2.97954341  6.47435e-01  6.09970e-01  0.00000e+00  0.00000e+00
 -1.16  2.96868338  6.85062e-01  6.45560e-01  0.00000e+00  0.00000e+00
 -1.15  2.93032673  7.24575e-01  6.83319e-01  0.00000e+00  0.00000e+00
 -1.14  2.85835437  7.65491e-01  7.22946e-01  0.00000e+00  0.00000e+00
 -1.13  2.74609033  8.07087e-01  7.63945e-01  0.00000e+00  0.00000e+00
 -1.12  2.58663913  8.48353e-01  8.05572e-01  0.00000e+00  0.00000e+00
 -1.11  2.37344517  8.87964e-01  8.46791e-01  0.00000e+00  0.00000e+00
 -1.10  2.10110246  9.24292e-01  8.86251e-01  0.00000e+00  0.00000e+00
 -1.09  1.76638958  9.55467e-01  9.22298e-01  0.00000e+00  0.00000e+00
 -1.08  1.36941550  9.79507e-01  9.53042e-01  0.00000e+00  0.00000e+00
 -1.07  0.91465189  9.94528e-01  9.76500e-01  0.00000e+00  0.00000e+00
 -1.06  0.41153848  9.98989e-01  9.90800e-01  0.00000e+00  0.00000e+00
 -1.05 -0.12565487  9.91946e-01  9.94442e-01  0.00000e+00  0.00000e+00
 -1.04 -0.67889037  9.73242e-01  9.86547e-01  0.00000e+00  0.00000e+00
 -1.03 -1.22826373  9.43564e-01  9.67031e-01  0.00000e+00  0.00000e+00
 -1.02 -1.75436327  9.04360e-01  9.36658e-01  0.00000e+00  0.00000e+00
 -1.01 -2.24052546  8.57629e-01  8.96941e-01  0.00000e+00  0.00000e+00
 -1.00 -2.67446477  8.05639e-01  8.49916e-01  0.00000e+00  0.00000e+00
 -0.99 -3.04899242  7.50648e-01  7.97862e-01  0.00000e+00  0.00000e+00
 -0.98 -3.36184289  6.94687e-01  7.43020e-01  0.00000e+00  0.00000e+00
 -0.97 -3.61485841  6.39429e-01  6.87391e-01  0.00000e+00  0.00000e+00
 -0.96 -3.81286776  5.86137e-01  6.32606e-01  0.00000e+00  0.00000e+00
 -0.95 -3.96255512  5.35680e-01  5.79885e-01  0.00000e+00  0.00000e+00
 -0.94 -4.07151014  4.88586e-01  5.30060e-01  0.00000e+00  0.00000e+00
 -0.93 -4.14754334  4.45107e-01  4.83627e-01  0.00000e+00  0.00000e+00
 -0.92 -4.19827448  4.05295e-01  4.40818e-01  0.00000e+00  0.00000e+00
 -0.91 -4.23096457  3.69058e-01  4.01667e-01  0.00000e+00  0.00000e+00
 -0.90 -4.25255696  3.36210e-01  3.66075e-01  0.00000e+00  0.00000e+00
 -0.89 -4.26991475  3.06514e-01  3.33857e-01  0.00000e+00  0.00000e+00
 -0.88 -4.29028765  2.79702e-01  3.04778e-01  0.00000e+00  0.00000e+00
 -0.87 -4.32213223  2.55497e-01  2.78580e-01  0.00000e+00  0.00000e+00
 -0.86 -4.37660267  2.33616e-01  2.55001e-01  0.00000e+00  0.00000e+00
 -0.85 -4.47050886  2.13778e-01  2.33786e-01  0.00000e+00  0.00000e+00
 -0.84 -4.63291641  1.95682e-01  2.14694e-01  0.00000e+00  0.00000e+00
 -0.83 -4.92226489  1.78971e-01  1.97502e-01  0.00000e+00  0.00000e+00
 -0.82 -5.48115434  1.63091e-01  1.82007e-01  0.00000e+00  0.00000e+00
 -0.81 -6.78253432  1.46680e-01  1.68025e-01  0.00000e+00  0.00000e+00
 -0.80 -11.93035578  1.22266e-01  1.55391e-01  0.00000e+00  0.00000e+00
 -0.79 18.59546638  2.09730e-01  1.43960e-01  0.00000e+00  0.00000e+00
 -0.78  2.13393706  1.39426e-01  1.33600e-01  0.00000e+00  0.00000e+00
 -0.77  0.04344007  1.24303e-01  1.24195e-01  0.00000e+00  0.00000e+00
 -0.76 -0.73628503  1.13954e-01  1.15645e-01  0.00000e+00  0.00000e+00
 -0.75 -1.12244194  1.05463e-01  1.07858e-01  0.00000e+00  0.00000e+00
 -0.74 -1.33928971  9.80904e-02  1.00753e-01  0.00000e+00  0.00000e+00
 -0.73 -1.46853575  9.15333e-02  9.42618e-02  0.00000e+00  0.00000e+00
 -0.72 -1.54705196  8.56288e-02  8.83199e-02  0.00000e+00  0.00000e+00
 -0.71 -1.59390078  8.02721e-02  8.28724e-02  0.00000e+00  0.00000e+00
 -0.70 -1.61991381  7.53875e-02  7.78702e-02  0.00000e+00  0.00000e+00
 -0.69 -1.63168802  7.09169e-02  7.32696e-02  0.00000e+00  0.00000e+00
 -0.68 -1.63345961  6.68129e-02  6.90318e-02  0.00000e+00  0.00000e+00
 -0.67 -1.62806395  6.30360e-02  6.51225e-02  0.00000e+00  0.00000e+00
 -0.66 -1.61746258  5.95526e-02  6.15108e-02  0.00000e+00  0.00000e+00
 -0.65 -1.60304937  5.63337e-02  5.81692e-02  0.00000e+00  0.00000e+00
 -0.64 -1.58583667  5.33539e-02  5.50734e-02  0.00000e+00  0.00000e+00
 -0.63 -1.56657306  5.05910e-02  5.22013e-02  0.00000e+00  0.00000e+00
 -0.62 -1.54582032  4.80252e-02  4.95333e-02  0.00000e+00  0.00000e+00
 -0.61 -1.52400514  4.56390e-02  4.70516e-02  0.00000e+00  0.00000e+00
 -0.60 -1.50145483  4.34168e-02  4.47404e-02  0.00000e+00  0.00000e+00
 -0.59 -1.47842242  4.13446e-02  4.25854e-02  0.00000e+00  0.00000e+00
 -0.58 -1.45510466  3.94098e-02  4.05736e-02  0.00000e+00  0.00000e+00
 -0.57 -1.43165519  3.76012e-02  3.86935e-02  0.00000e+00  0.00000e+00
 -0.56 -1.40819429  3.59086e-02  3.69343e-02  0.00000e+00  0.00000e+00
 -0.55 -1.38481617  3.43227e-02  3.52866e-02  0.00000e+00  0.00000e+00
 -0.54 -1.36159457  3.28352e-02  3.37418e-02  0.00000e+00  0.00000e+00
 -0.53 -1.33858696  3.14387e-02  3.22918e-02  0.00000e+00  0.00000e+00
 -0.52 -1.31583788  3.01261e-02  3.09295e-02  0.00000e+00  0.00000e+00
 -0.51 -1.29338153  2.88913e-02  2.96484e-02  0.00000e+00  0.00000e+00
 -0.50 -1.27124378  2.77285e-02  2.84426e-02  0.00000e+00  0.00000e+00
 -0.49 -1.24944379  2.66326e-02  2.73065e-02  0.00000e+00  0.00000e+00
 -0.48 -1.22799530  2.55987e-02  2.62352e-02  0.00000e+00  0.00000e+00
 -0.47 -1.20690769  2.46226e-02  2.52242e-02  0.00000e+00  0.00000e+00
 -0.46 -1.18618675  2.37002e-02  2.42692e-02  0.00000e+00  0.00000e+00
 -0.45 -1.16583542  2.28279e-02  2.33664e-02  0.00000e+00  0.00000e+00
 -0.44 -1.14585429  2.20023e-02  2.25123e-02  0.00000e+00  0.00000e+00
 -0.43 -1.12624209  2.12202e-02  2.17037e-02  0.00000e+00  0.00000e+00
 -0.42 -1.10699602  2.04790e-02  2.09375e-02  0.00000e+00  0.00000e+00
 -0.41 -1.08811209  1.97758e-02  2.02109e-02  0.00000e+00  0.00000e+00
 -0.40 -1.06958531  1.91084e-02  1.95216e-02  0.00000e+00  0.00000e+00
 -0.39 -1.05140998  1.84744e-02  1.88670e-02  0.00000e+00  0.00000e+00
 -0.38 -1.03357977  1.78717e-02  1.82450e-02  0.00000e+00  0.00000e+00
 -0.37 -1.01608791  1.72985e-02  1.76537e-02  0.00000e+00  0.00000e+00
 -0.36 -0.99892730  1.67530e-02  1.70911e-02  0.00000e+00  0.00000e+00
 -0.35 -0.98209060  1.62335e-02  1.65555e-02  0.00000e+00  0.00000e+00
 -0.34 -0.96557029  1.57384e-02  1.60453e-02  0.00000e+00  0.00000e+00
 -0.33 -0.94935878  1.52664e-02  1.55591e-02  0.00000e+00  0.00000e+00
 -0.32 -0.93344842  1.48161e-02  1.50954e-02  0.00000e+00  0.00000e+00
 -0.31 -0.91783155  1.43863e-02  1.46529e-02  0.00000e+00  0.00000e+00
 -0.30 -0.90250056  1.39759e-02  1.42304e-02  0.00000e+00  0.00000e+00
 -0.29 -0.88744790  1.35836e-02  1.38269e-02  0.00000e+00  0.00000e+00
 -0.28 -0.87266610  1.32087e-02  1.34412e-02  0.00000e+00  0.00000e+00
 -0.27 -0.85814781  1.28500e-02  1.30725e-02  0.00000e+00  0.00000e+00
 -0.26 -0.84388579  1.25068e-02  1.27197e-02  0.00000e+00  0.00000e+00
 -0.25 -0.82987294  1.21782e-02  1.23820e-02  0.00000e+00  0.00000e+00
 -0.24 -0.81610229  1.18634e-02  1.20587e-02  0.00000e+00  0.00000e+00
 -0.23 -0.80256704  1.15618e-02  1.17489e-02  0.00000e+00  0.00000e+00
 -0.22 -0.78926051  1.12726e-02  1.14520e-02  0.00000e+00  0.00000e+00
 -0.21 -0.77617620  1.09953e-02  1.11673e-02  0.00000e+00  0.00000e+00
 -0.20 -0.76330777  1.07292e-02  1.08942e-02  0.00000e+00  0.00000e+00
 -0.19 -0.75064903  1.04738e-02  1.06322e-02  0.00000e+00  0.00000e+00
 -0.18 -0.73819393  1.02285e-02  1.03806e-02  0.00000e+00  0.00000e+00
 -0.17 -0.72593661  9.99284e-03  1.01390e-02  0.00000e+00  0.00000e+00
 -0.16 -0.71387134  9.76640e-03  9.90684e-03  0.00000e+00  0.00000e+00
 -0.15 -0.70199256  9.54871e-03  9.68372e-03  0.00000e+00  0.00000e+00
 -0.14 -0.69029484  9.33937e-03  9.46920e-03  0.00000e+00  0.00000e+00
 -0.13 -0.67877291  9.13798e-03  9.26288e-03  0.00000e+00  0.00000e+00
 -0.12 -0.66742165  8.94417e-03  9.06437e-03  0.00000e+00  0.00000e+00
 -0.11 -0.65623606  8.75761e-03  8.87331e-03  0.00000e+00  0.00000e+00
 -0.10 -0.64521131  8.57796e-03  8.68937e-03  0.00000e+00  0.00000e+00
 -0.09 -0.63434266  8.40492e-03  8.51223e-03  0.00000e+00  0.00000e+00
 -0.08 -0.62362554  8.23819e-03  8.34159e-03  0.00000e+00  0.00000e+00
 -0.07 -0.61305549  8.07750e-03  8.17715e-03  0.00000e+00  0.00000e+00
 -0.06 -0.60262816  7.92258e-03  8.01865e-03  0.00000e+00  0.00000e+00
 -0.05 -0.59233934  7.77320e-03  7.86583e-03  0.00000e+00  0.00000e+00
 -0.04 -0.58218493  7.62910e-03  7.71845e-03  0.00000e+00  0.00000e+00
 -0.03 -0.57216092  7.49008e-03  7.57629e-03  0.00000e+00  0.00000e+00
 -0.02 -0.56226345  7.35592e-03  7.43911e-03  0.00000e+00  0.00000e+00
 -0.01 -0.55248872  7.22642e-03  7.30672e-03  0.00000e+00  0.00000e+00
  0.00 -0.54283307  7.10140e-03  7.17891e-03  0.00000e+00  0.00000e+00
  0.01 -0.53329290  6.98066e-03  7.05551e-03  0.00000e+00  0.00000e+00
  0.02 -0.52386474  6.86405e-03  6.93634e-03  0.00000e+00  0.00000e+00
  0.03 -0.51454519  6.75139e-03  6.82123e-03  0.00000e+00  0.00000e+00
  0.04 -0.50533094  6.64254e-03  6.71001e-03  0.00000e+00  0.00000e+00
  0.05 -0.49621877  6.53734e-03  6.60254e-03  0.00000e+00  0.00000e+00
  0.06 -0.48720555  6.43566e-03  6.49868e-03  0.00000e+00  0.00000e+00
  0.07 -0.47828820  6.33737e-03  6.39828e-03  0.00000e+00  0.00000e+00
  0.08 -0.46946376  6.24233e-03  6.30122e-03  0.00000e+00  0.00000e+00
  0.09 -0.46072931  6.15043e-03  6.20736e-03  0.00000e+00  0.00000e+00
  0.10 -0.45208202  6.06155e-03  6.11660e-03  0.00000e+00  0.00000e+00
  0.11 -0.44351911  5.97558e-03  6.02882e-03  0.00000e+00  0.00000e+00
  0.12 -0.43503789  5.89242e-03  5.94392e-03  0.00000e+00  0.00000e+00
  0.13 -0.42663571  5.81197e-03  5.86178e-03  0.00000e+00  0.00000e+00
  0.14 -0.41831001  5.73414e-03  5.78231e-03  0.00000e+00  0.00000e+00
  0.15 -0.41005826  5.65883e-03  5.70543e-03  0.00000e+00  0.00000e+00
  0.16 -0.40187802  5.58595e-03  5.63103e-03  0.00000e+00  0.00000e+00
  0.17 -0.39376687  5.51543e-03  5.55904e-03  0.00000e+00  0.00000e+00
  0.18 -0.38572247  5.44718e-03  5.48937e-03  0.00000e+00  0.00000e+00
  0.19 -0.37774252  5.38114e-03  5.42194e-03  0.00000e+00  0.00000e+00
  0.20 -0.36982478  5.31722e-03  5.35669e-03  0.00000e+00  0.00000e+00
  0.21 -0.36196705  5.25536e-03  5.29355e-03  0.00000e+00  0.00000e+00
  0.22 -0.35416718  5.19550e-03  5.23243e-03  0.00000e+00  0.00000e+00
  0.23 -0.34642306  5.13756e-03  5.17328e-03  0.00000e+00  0.00000e+00
  0.24 -0.33873262  5.08150e-03  5.11605e-03  0.00000e+00  0.00000e+00
  0.25 -0.33109385  5.02726e-03  5.06066e-03  0.00000e+00  0.00000e+00
  0.26 -0.32350477  4.97477e-03  5.00706e-03  0.00000e+00  0.00000e+00
  0.27 -0.31596343  4.92398e-03  4.95520e-03  0.00000e+00  0.00000e+00
  0.28 -0.30846793  4.87486e-03  4.90503e-03  0.00000e+00  0.00000e+00
  0.29 -0.30101640  4.82734e-03  4.85649e-03  0.00000e+00  0.00000e+00
  0.30 -0.29360701  4.78138e-03  4.80954e-03  0.00000e+00  0.00000e+00
  0.31 -0.28623797  4.73694e-03  4.76414e-03  0.00000e+00  0.00000e+00
  0.32 -0.27890750  4.69398e-03  4.72024e-03  0.00000e+00  0.00000e+00
  0.33 -0.27161388  4.65245e-03  4.67780e-03  0.00000e+00  0.00000e+00
  0.34 -0.26435540  4.61232e-03  4.63677e-03  0.00000e+00  0.00000e+00
  0.35 -0.25713038  4.57355e-03  4.59713e-03  0.00000e+00  0.00000e+00
  0.36 -0.24993719  4.53611e-03  4.55884e-03  0.00000e+00  0.00000e+00
  0.37 -0.24277420  4.49995e-03  4.52186e-03  0.00000e+00  0.00000e+00
  0.38 -0.23563983  4.46506e-03  4.48615e-03  0.00000e+00  0.00000e+00
  0.39 -0.22853251  4.43139e-03  4.45169e-03  0.00000e+00  0.00000e+00
  0.40 -0.22145071  4.39892e-03  4.41844e-03  0.00000e+00  0.00000e+00
  0.41 -0.21439291  4.36761e-03  4.38638e-03  0.00000e+00  0.00000e+00
  0.42 -0.20735761  4.33745e-03  4.35548e-03  0.00000e+00  0.00000e+00
  0.43 -0.20034337  4.30841e-03  4.32571e-03  0.00000e+00  0.00000e+00
  0.44 -0.19334872  4.28046e-03  4.29704e-03  0.00000e+00  0.00000e+00
  0.45 -0.18637225  4.25357e-03  4.26946e-03  0.00000e+00  0.00000e+00
  0.46 -0.17941255  4.22773e-03  4.24293e-03  0.00000e+00  0.00000e+00
  0.47 -0.17246825  4.20291e-03  4.21744e-03  0.00000e+00  0.00000e+00
  0.48 -0.16553799  4.17910e-03  4.19296e-03  0.00000e+00  0.00000e+00
  0.49 -0.15862043  4.15627e-03  4.16947e-03  0.00000e+00  0.00000e+00
  0.50 -0.15171425  4.13440e-03  4.14696e-03  0.00000e+00  0.00000e+00
  0.51 -0.14481814  4.11348e-03  4.12541e-03  0.00000e+00  0.00000e+00
  0.52 -0.13793082  4.09349e-03  4.10479e-03  0.00000e+00  0.00000e+00
  0.53 -0.13105104  4.07441e-03  4.08510e-03  0.00000e+00  0.00000e+00
  0.54 -0.12417755  4.05622e-03  4.06631e-03  0.00000e+00  0.00000e+00
  0.55 -0.11730912  4.03892e-03  4.04841e-03  0.00000e+00  0.00000e+00
  0.56 -0.11044454  4.02249e-03  4.03139e-03  0.00000e+00  0.00000e+00
  0.57 -0.10358262  4.00691e-03  4.01522e-03  0.00000e+00  0.00000e+00
  0.58 -0.09672220  3.99218e-03  3.99991e-03  0.00000e+00  0.00000e+00
  0.59 -0.08986212  3.97828e-03  3.98544e-03  0.00000e+00  0.00000e+00
  0.60 -0.08300124  3.96520e-03  3.97178e-03  0.00000e+00  0.00000e+00
  0.61 -0.07613844  3.95292e-03  3.95895e-03  0.00000e+00  0.00000e+00
  0.62 -0.06927264  3.94145e-03  3.94692e-03  0.00000e+00  0.00000e+00
  0.63 -0.06240275  3.93077e-03  3.93568e-03  0.00000e+00  0.00000e+00
  0.64 -0.05552771  3.92087e-03  3.92522e-03  0.00000e+00  0.00000e+00
  0.65 -0.04864648  3.91174e-03  3.91555e-03  0.00000e+00  0.00000e+00
  0.66 -0.04175805  3.90338e-03  3.90664e-03  0.00000e+00  0.00000e+00
  0.67 -0.03486142  3.89577e-03  3.89849e-03  0.00000e+00  0.00000e+00
  0.68 -0.02795561  3.88893e-03  3.89110e-03  0.00000e+00  0.00000e+00
  0.69 -0.02103967  3.88282e-03  3.88446e-03  0.00000e+00  0.00000e+00
  0.70 -0.01411267  3.87746e-03  3.87856e-03  0.00000e+00  0.00000e+00
  0.71 -0.00717372  3.87284e-03  3.87340e-03  0.00000e+00  0.00000e+00
  0.72 -0.00022192  3.86895e-03  3.86897e-03  0.00000e+00  0.00000e+00
  0.73  0.00674357  3.86579e-03  3.86527e-03  0.00000e+00  0.00000e+00
  0.74  0.01372356  3.86335e-03  3.86229e-03  0.00000e+00  0.00000e+00
  0.75  0.02071886  3.86164e-03  3.86004e-03  0.00000e+00  0.00000e+00
  0.76  0.02773021  3.86065e-03  3.85851e-03  0.00000e+00  0.00000e+00
  0.77  0.03475834  3.86038e-03  3.85770e-03  0.00000e+00  0.00000e+00
  0.78  0.04180394  3.86083e-03  3.85760e-03  0.00000e+00  0.00000e+00
  0.79  0.04886765  3.86199e-03  3.85822e-03  0.00000e+00  0.00000e+00
  0.80  0.05595007  3.86387e-03  3.85955e-03  0.00000e+00  0.00000e+00
  0.81  0.06305176  3.86647e-03  3.86160e-03  0.00000e+00  0.00000e+00
  0.82  0.07017324  3.86979e-03  3.86436e-03  0.00000e+00  0.00000e+00
  0.83  0.07731496  3.87383e-03  3.86784e-03  0.00000e+00  0.00000e+00
  0.84  0.08447731  3.87859e-03  3.87204e-03  0.00000e+00  0.00000e+00
  0.85  0.09166064  3.88407e-03  3.87696e-03  0.00000e+00  0.00000e+00
  0.86  0.09886522  3.89028e-03  3.88260e-03  0.00000e+00  0.00000e+00
  0.87  0.10609126  3.89722e-03  3.88896e-03  0.00000e+00  0.00000e+00
  0.88  0.11333887  3.90489e-03  3.89605e-03  0.00000e+00  0.00000e+00
  0.89  0.12060809  3.91330e-03  3.90388e-03  0.00000e+00  0.00000e+00
  0.90  0.12789888  3.92246e-03  3.91243e-03  0.00000e+00  0.00000e+00
  0.91  0.13521108  3.93235e-03  3.92174e-03  0.00000e+00  0.00000e+00
  0.92  0.14254443  3.94301e-03  3.93178e-03  0.00000e+00  0.00000e+00
  0.93  0.14989855  3.95442e-03  3.94258e-03  0.00000e+00  0.00000e+00
  0.94  0.15727295  3.96660e-03  3.95414e-03  0.00000e+00  0.00000e+00
  0.95  0.16466696  3.97955e-03  3.96646e-03  0.00000e+00  0.00000e+00
  0.96  0.17207980  3.99328e-03  3.97956e-03  0.00000e+00  0.00000e+00
  0.97  0.17951049  4.00780e-03  3.99344e-03  0.00000e+00  0.00000e+00
  0.98  0.18695788  4.02312e-03  4.00811e-03  0.00000e+00  0.00000e+00
  0.99  0.19442061  4.03925e-03  4.02358e-03  0.00000e+00  0.00000e+00
  1.00  0.20189711  4.05620e-03  4.03985e-03  0.00000e+00  0.00000e+00
  1.01  0.20938555  4.07398e-03  4.05695e-03  0.00000e+00  0.00000e+00
  1.02  0.21688384  4.09259e-03  4.07488e-03  0.00000e+00  0.00000e+00
  1.03  0.22438960  4.11206e-03  4.09365e-03  0.00000e+00  0.00000e+00
  1.04  0.23190011  4.13240e-03  4.11328e-03  0.00000e+00  0.00000e+00
  1.05  0.23941229  4.15361e-03  4.13377e-03  0.00000e+00  0.00000e+00
  1.06  0.24692266  4.17572e-03  4.15515e-03  0.00000e+00  0.00000e+00
  1.07  0.25442730  4.19873e-03  4.17742e-03  0.00000e+00  0.00000e+00
  1.08  0.26192181  4.22267e-03  4.20060e-03  0.00000e+00  0.00000e+00
  1.09  0.26940121  4.24754e-03  4.22471e-03  0.00000e+00  0.00000e+00
  1.10  0.27685993  4.27337e-03  4.24977e-03  0.00000e+00  0.00000e+00
  1.11  0.28429172  4.30017e-03  4.27579e-03  0.00000e+00  0.00000e+00
  1.12  0.29168956  4.32797e-03  4.30279e-03  0.00000e+00  0.00000e+00
  1.13  0.29904559  4.35677e-03  4.33079e-03  0.00000e+00  0.00000e+00
  1.14  0.30635097  4.38661e-03  4.35981e-03  0.00000e+00  0.00000e+00
  1.15  0.31359582  4.41750e-03  4.38988e-03  0.00000e+00  0.00000e+00
  1.16  0.32076900  4.44946e-03  4.42101e-03  0.00000e+00  0.00000e+00
  1.17  0.32785804  4.48252e-03  4.45322e-03  0.00000e+00  0.00000e+00
  1.18  0.33484890  4.51670e-03  4.48655e-03  0.00000e+00  0.00000e+00
  1.19  0.34172577  4.55203e-03  4.52102e-03  0.00000e+00  0.00000e+00
  1.20  0.34847083  4.58853e-03  4.55666e-03  0.00000e+00  0.00000e+00
  1.21  0.35506398  4.62623e-03  4.59349e-03  0.00000e+00  0.00000e+00
  1.22  0.36148247  4.66516e-03  4.63155e-03  0.00000e+00  0.00000e+00
  1.23  0.36770053  4.70534e-03  4.67086e-03  0.00000e+00  0.00000e+00
  1.24  0.37368889  4.74681e-03  4.71146e-03  0.00000e+00  0.00000e+00
  1.25  0.37941424  4.78960e-03  4.75339e-03  0.00000e+00  0.00000e+00
  1.26  0.38483856  4.83374e-03  4.79668e-03  0.00000e+00  0.00000e+00
  1.27  0.38991832  4.87927e-03  4.84137e-03  0.00000e+00  0.00000e+00
  1.28  0.39460353  4.92623e-03  4.88750e-03  0.00000e+00  0.00000e+00
  1.29  0.39883659  4.97464e-03  4.93512e-03  0.00000e+00  0.00000e+00
  1.30  0.40255086  5.02455e-03  4.98426e-03  0.00000e+00  0.00000e+00
  1.31  0.40566892  5.07601e-03  5.03499e-03  0.00000e+00  0.00000e+00
  1.32  0.40810042  5.12904e-03  5.08735e-03  0.00000e+00  0.00000e+00
  1.33  0.40973937  5.18371e-03  5.14140e-03  0.00000e+00  0.00000e+00
  1.34  0.41046078  5.24005e-03  5.19720e-03  0.00000e+00  0.00000e+00
  1.35  0.41011634  5.29810e-03  5.25482e-03  0.00000e+00  0.00000e+00
  1.36  0.40852891  5.35793e-03  5.31433e-03  0.00000e+00  0.00000e+00
  1.37  0.40548533  5.41958e-03  5.37581e-03  0.00000e+00  0.00000e+00
  1.38  0.40072708  5.48311e-03  5.43934e-03  0.00000e+00  0.00000e+00
  1.39  0.39393775  5.54857e-03  5.50502e-03  0.00000e+00  0.00000e+00
  1.40  0.38472621  5.61602e-03  5.57297e-03  0.00000e+00  0.00000e+00
  1.41  0.37260357  5.68552e-03  5.64331e-03  0.00000e+00  0.00000e+00
  1.42  0.35695102  5.75714e-03  5.71619e-03  0.00000e+00  0.00000e+00
  1.43  0.33697413  5.83095e-03  5.79178e-03  0.00000e+00  0.00000e+00
  1.44  0.31163643  5.90700e-03  5.87030e-03  0.00000e+00  0.00000e+00
  1.45  0.27956042  5.98538e-03  5.95201e-03  0.00000e+00  0.00000e+00
  1.46  0.23887565  6.06616e-03  6.03725e-03  0.00000e+00  0.00000e+00
  1.47  0.18697785  6.14942e-03  6.12647e-03  0.00000e+00  0.00000e+00
  1.48  0.12013143  6.23524e-03  6.22028e-03  0.00000e+00  0.00000e+00
  1.49  0.03278243  6.32371e-03  6.31956e-03  0.00000e+00  0.00000e+00
  1.50 -0.08369820  6.41491e-03  6.42566e-03  0.00000e+00  0.00000e+00
  1.51 -0.24348053  6.50894e-03  6.54071e-03  0.00000e+00  0.00000e+00
  1.52 -0.47156624  6.60590e-03  6.66850e-03  0.00000e+00  0.00000e+00
  1.53 -0.81656853  6.70588e-03  6.81630e-03  0.00000e+00  0.00000e+00
  1.54 -1.38715532  6.80901e-03  7.00057e-03  0.00000e+00  0.00000e+00
  1.55 -2.48597615  6.91537e-03  7.26797e-03  0.00000e+00  0.00000e+00
  1.56 -5.38742993  7.02510e-03  7.82515e-03  0.00000e+00  0.00000e+00
  1.57 -30.36942372  7.13832e-03  1.33651e-02  0.00000e+00  0.00000e+00
  1.58 11.52930032  7.25515e-03  5.75515e-03  0.00000e+00  0.00000e+00
  1.59  5.78771676  7.37572e-03  6.56866e-03  0.00000e+00  0.00000e+00
  1.60  4.17088187  7.50017e-03  6.89958e-03  0.00000e+00  0.00000e+00
  1.61  3.42179343  7.62866e-03  7.12386e-03  0.00000e+00  0.00000e+00
  1.62  2.99666952  7.76133e-03  7.30970e-03  0.00000e+00  0.00000e+00
  1.63  2.72762426  7.89834e-03  7.47891e-03  0.00000e+00  0.00000e+00
  1.64  2.54579946  8.03987e-03  7.64067e-03  0.00000e+00  0.00000e+00
  1.65  2.41774945  8.18608e-03  7.79959e-03  0.00000e+00  0.00000e+00
  1.66  2.32527619  8.33717e-03  7.95825e-03  0.00000e+00  0.00000e+00
  1.67  2.25763340  8.49332e-03  8.11829e-03  0.00000e+00  0.00000e+00
  1.68  2.20806973  8.65474e-03  8.28079e-03  0.00000e+00  0.00000e+00
  1.69  2.17213294  8.82164e-03  8.44655e-03  0.00000e+00  0.00000e+00
  1.70  2.14677033  8.99425e-03  8.61619e-03  0.00000e+00  0.00000e+00
  1.71  2.12982104  9.17280e-03  8.79022e-03  0.00000e+00  0.00000e+00
  1.72  2.11971439  9.35753e-03  8.96906e-03  0.00000e+00  0.00000e+00
  1.73  2.11528312  9.54872e-03  9.15313e-03  0.00000e+00  0.00000e+00
  1.74  2.11564328  9.74663e-03  9.34277e-03  0.00000e+00  0.00000e+00
  1.75  2.12011481  9.95155e-03  9.53834e-03  0.00000e+00  0.00000e+00
  1.76  2.12816741  1.01638e-02  9.74020e-03  0.00000e+00  0.00000e+00
  1.77  2.13938293  1.03837e-02  9.94867e-03  0.00000e+00  0.00000e+00
  1.78  2.15342852  1.06115e-02  1.01641e-02  0.00000e+00  0.00000e+00
  1.79  2.17003736  1.08476e-02  1.03868e-02  0.00000e+00  0.00000e+00
  1.80  2.18899429  1.10925e-02  1.06173e-02  0.00000e+00  0.00000e+00
  1.81  2.21012522  1.13464e-02  1.08557e-02  0.00000e+00  0.00000e+00
  1.82  2.23328903  1.16099e-02  1.11027e-02  0.00000e+00  0.00000e+00
  1.83  2.25837144  1.18833e-02  1.13584e-02  0.00000e+00  0.00000e+00
  1.84  2.28528019  1.21671e-02  1.16234e-02  0.00000e+00  0.00000e+00
  1.85  2.31394134  1.24618e-02  1.18981e-02  0.00000e+00  0.00000e+00
  1.86  2.34429630  1.27679e-02  1.21830e-02  0.00000e+00  0.00000e+00
  1.87  2.37629953  1.30860e-02  1.24785e-02  0.00000e+00  0.00000e+00
  1.88  2.40991663  1.34167e-02  1.27852e-02  0.00000e+00  0.00000e+00
  1.89  2.44512287  1.37605e-02  1.31036e-02  0.00000e+00  0.00000e+00
  1.90  2.48190199  1.41181e-02  1.34343e-02  0.00000e+00  0.00000e+00
  1.91  2.52024518  1.44902e-02  1.37778e-02  0.00000e+00  0.00000e+00
  1.92  2.56015031  1.48775e-02  1.41348e-02  0.00000e+00  0.00000e+00
  1.93  2.60162127  1.52809e-02  1.45060e-02  0.00000e+00  0.00000e+00
  1.94  2.64466747  1.57011e-02  1.48920e-02  0.00000e+00  0.00000e+00
  1.95  2.68930338  1.61390e-02  1.52937e-02  0.00000e+00  0.00000e+00
  1.96  2.73554823  1.65956e-02  1.57118e-02  0.00000e+00  0.00000e+00
  1.97  2.78342567  1.70718e-02  1.61472e-02  0.00000e+00  0.00000e+00
  1.98  2.83296366  1.75687e-02  1.66007e-02  0.00000e+00  0.00000e+00
  1.99  2.88419420  1.80875e-02  1.70734e-02  0.00000e+00  0.00000e+00
  2.00  2.93715328  1.86292e-02  1.75661e-02  0.00000e+00  0.00000e+00
  2.01  2.99188079  1.91953e-02  1.80801e-02  0.00000e+00  0.00000e+00
  2.02  3.04842044  1.97870e-02  1.86163e-02  0.00000e+00  0.00000e+00
  2.03  3.10681976  2.04058e-02  1.91761e-02  0.00000e+00  0.00000e+00
  2.04  3.16713011  2.10533e-02  1.97607e-02  0.00000e+00  0.00000e+00
  2.05  3.22940673  2.17312e-02  2.03715e-02  0.00000e+00  0.00000e+00
  2.06  3.29370872  2.24411e-02  2.10100e-02  0.00000e+00  0.00000e+00
  2.07  3.36009922  2.31851e-02  2.16777e-02  0.00000e+00  0.00000e+00
  2.08  3.42864539  2.39652e-02  2.23763e-02  0.00000e+00  0.00000e+00
  2.09  3.49941860  2.47835e-02  2.31076e-02  0.00000e+00  0.00000e+00
  2.10  3.57249454  2.56424e-02  2.38734e-02  0.00000e+00  0.00000e+00
  2.11  3.64795332  2.65444e-02  2.46759e-02  0.00000e+00  0.00000e+00
  2.12  3.72587968  2.74923e-02  2.55173e-02  0.00000e+00  0.00000e+00
  2.13  3.80636315  2.84890e-02  2.63997e-02  0.00000e+00  0.00000e+00
  2.14  3.88949821  2.95376e-02  2.73259e-02  0.00000e+00  0.00000e+00
  2.15  3.97538453  3.06415e-02  2.82984e-02  0.00000e+00  0.00000e+00
  2.16  4.06412719  3.18043e-02  2.93201e-02  0.00000e+00  0.00000e+00
  2.17  4.15583685  3.30300e-02  3.03942e-02  0.00000e+00  0.00000e+00
  2.18  4.25063006  3.43229e-02  3.15240e-02  0.00000e+00  0.00000e+00
  2.19  4.34862948  3.56875e-02  3.27131e-02  0.00000e+00  0.00000e+00
  2.20  4.44996415  3.71289e-02  3.39653e-02  0.00000e+00  0.00000e+00
  2.21  4.55476977  3.86524e-02  3.52848e-02  0.00000e+00  0.00000e+00
  2.22  4.66318894  4.02639e-02  3.66761e-02  0.00000e+00  0.00000e+00
  2.23  4.77537149  4.19698e-02  3.81440e-02  0.00000e+00  0.00000e+00
  2.24  4.89147475  4.37768e-02  3.96939e-02  0.00000e+00  0.00000e+00
  2.25  5.01166381  4.56926e-02  4.13313e-02  0.00000e+00  0.00000e+00
  2.26  5.13611179  4.77253e-02  4.30624e-02  0.00000e+00  0.00000e+00
  2.27  5.26500013  4.98838e-02  4.48938e-02  0.00000e+00  0.00000e+00
  2.28  5.39851878  5.21778e-02  4.68327e-02  0.00000e+00  0.00000e+00
  2.29  5.53686643  5.46178e-02  4.88869e-02  0.00000e+00  0.00000e+00
  2.30  5.68025063  5.72155e-02  5.10649e-02  0.00000e+00  0.00000e+00
  2.31  5.82888790  5.99834e-02  5.33758e-02  0.00000e+00  0.00000e+00
  2.32  5.98300376  6.29354e-02  5.58297e-02  0.00000e+00  0.00000e+00
  2.33  6.14283259  6.60867e-02  5.84374e-02  0.00000e+00  0.00000e+00
  2.34  6.30861745  6.94539e-02  6.12108e-02  0.00000e+00  0.00000e+00
  2.35  6.48060964  7.30554e-02  6.41628e-02  0.00000e+00  0.00000e+00
  2.36  6.65906816  7.69110e-02  6.73074e-02  0.00000e+00  0.00000e+00
  2.37  6.84425879  8.10431e-02  7.06601e-02  0.00000e+00  0.00000e+00
  2.38  7.03645292  8.54757e-02  7.42376e-02  0.00000e+00  0.00000e+00
  2.39  7.23592595  9.02359e-02  7.80582e-02  0.00000e+00  0.00000e+00
  2.40  7.44295520  9.53530e-02  8.21421e-02  0.00000e+00  0.00000e+00
  2.41  7.65781721  1.00860e-01  8.65111e-02  0.00000e+00  0.00000e+00
  2.42  7.88078421  1.06792e-01  9.11894e-02  0.00000e+00  0.00000e+00
  2.43  8.11211983  1.13189e-01  9.62032e-02  0.00000e+00  0.00000e+00
  2.44  8.35207348  1.20096e-01  1.01581e-01  0.00000e+00  0.00000e+00
  2.45  8.60087351  1.27560e-01  1.07355e-01  0.00000e+00  0.00000e+00
  2.46  8.85871858  1.35636e-01  1.13560e-01  0.00000e+00  0.00000e+00
  2.47  9.12576711  1.44382e-01  1.20234e-01  0.00000e+00  0.00000e+00
  2.48  9.40212413  1.53864e-01  1.27417e-01  0.00000e+00  0.00000e+00
  2.49  9.68782531  1.64154e-01  1.35157e-01  0.00000e+00  0.00000e+00
  2.50  9.98281731  1.75330e-01  1.43502e-01  0.00000e+00  0.00000e+00
  2.51 10.28693397  1.87481e-01  1.52507e-01  0.00000e+00  0.00000e+00
  2.52 10.59986746  2.00702e-01  1.62232e-01  0.00000e+00  0.00000e+00
  2.53 10.92113344  2.15097e-01  1.72740e-01  0.00000e+00  0.00000e+00
  2.54 11.25002937  2.30778e-01  1.84104e-01  0.00000e+00  0.00000e+00
  2.55 11.58558487  2.47869e-01  1.96398e-01  0.00000e+00  0.00000e+00
  2.56 11.92650307  2.66499e-01  2.09704e-01  0.00000e+00  0.00000e+00
  2.57 12.27109196  2.86807e-01  2.24111e-01  0.00000e+00  0.00000e+00
  2.58 12.61718514  3.08936e-01  2.39712e-01  0.00000e+00  0.00000e+00
  2.59 12.96205154  3.33035e-01  2.56605e-01  0.00000e+00  0.00000e+00
  2.60 13.30229469  3.59249e-01  2.74894e-01  0.00000e+00  0.00000e+00
  2.61 13.63374339  3.87720e-01  2.94683e-01  0.00000e+00  0.00000e+00
  2.62 13.95133715  4.18572e-01  3.16079e-01  0.00000e+00  0.00000e+00
  2.63 14.24901268  4.51908e-01  3.39185e-01  0.00000e+00  0.00000e+00
  2.64 14.51960050  4.87789e-01  3.64098e-01  0.00000e+00  0.00000e+00
  2.65 14.75474435  5.26225e-01  3.90905e-01  0.00000e+00  0.00000e+00
  2.66 14.94485791  5.67151e-01  4.19672e-01  0.00000e+00  0.00000e+00
  2.67 15.07912986  6.10405e-01  4.50439e-01  0.00000e+00  0.00000e+00
  2.68 15.14556529  6.55703e-01  4.83208e-01  0.00000e+00  0.00000e+00
  2.69 15.13097097  7.02614e-01  5.17934e-01  0.00000e+00  0.00000e+00
  2.70 15.02051608  7.50529e-01  5.54506e-01  0.00000e+00  0.00000e+00
  2.71 14.79550633  7.98593e-01  5.92738e-01  0.00000e+00  0.00000e+00
  2.72 14.42387279  8.45522e-01  6.32355e-01  0.00000e+00  0.00000e+00
  2.73 13.81642034  8.88750e-01  6.72975e-01  0.00000e+00  0.00000e+00
  2.74 12.56446181  9.19344e-01  7.14109e-01  0.00000e+00  0.00000e+00
  2.75  7.10280474  8.70631e-01  7.55154e-01  0.00000e+00  0.00000e+00
  2.76 -85.55115809  6.19379e-02  7.95403e-01  0.00000e+00  0.00000e+00
  2.77 -8.02939289  7.10077e-01  8.34062e-01  0.00000e+00  0.00000e+00
  2.78  1.85012602  9.03093e-01  8.70283e-01  0.00000e+00  0.00000e+00
  2.79  3.13481625  9.61664e-01  9.03204e-01  0.00000e+00  0.00000e+00
  2.80  2.76111234  9.84927e-01  9.31999e-01  0.00000e+00  0.00000e+00
  2.81  1.81679429  9.91311e-01  9.55933e-01  0.00000e+00  0.00000e+00
  2.82  0.62872655  9.86740e-01  9.74410e-01  0.00000e+00  0.00000e+00
  2.83 -0.65858301  9.74091e-01  9.87006e-01  0.00000e+00  0.00000e+00
  2.84 -1.96189237  9.55256e-01  9.93489e-01  0.00000e+00  0.00000e+00
  2.85 -3.22392372  9.31728e-01  9.93806e-01  0.00000e+00  0.00000e+00
  2.86 -4.39967002  9.04765e-01  9.88042e-01  0.00000e+00  0.00000e+00
  2.87 -5.44787020  8.75444e-01  9.76326e-01  0.00000e+00  0.00000e+00
  2.88 -6.32029949  8.44679e-01  9.58656e-01  0.00000e+00  0.00000e+00
  2.89 -6.93852818  8.13227e-01  9.34494e-01  0.00000e+00  0.00000e+00
  2.90 -7.12223827  7.81697e-01  9.01585e-01  0.00000e+00  0.00000e+00
  2.91 -6.26530369  7.50565e-01  8.50902e-01  0.00000e+00  0.00000e+00
  2.92 -0.34989219  7.20190e-01  7.25247e-01  0.00000e+00  0.00000e+00
  2.93 16.31884012  6.90833e-01  4.96994e-01  0.00000e+00  0.00000e+00
  2.94 -16.59756530  6.62673e-01  9.26425e-01  0.00000e+00  0.00000e+00
  2.95 -15.75902745  6.35824e-01  8.73712e-01  0.00000e+00  0.00000e+00
  2.96 -15.46956136  6.10346e-01  8.33740e-01  0.00000e+00  0.00000e+00
  2.97 -15.41410322  5.86263e-01  7.99933e-01  0.00000e+00  0.00000e+00
  2.98 -15.44998215  5.63566e-01  7.69530e-01  0.00000e+00  0.00000e+00
  2.99 -15.51956489  5.42228e-01  7.41449e-01  0.00000e+00  0.00000e+00
