# E-Efermi, percentage polarization,Tuu,Tdd,Tdu,Tud 
 -2.00 -1.23422583  9.05562e-01  9.28194e-01  0.00000e+00  0.00000e+00
 -1.99 -1.41156449  8.76724e-01  9.01830e-01  0.00000e+00  0.00000e+00
 -1.98 -1.55351382  8.46023e-01  8.72724e-01  0.00000e+00  0.00000e+00
 -1.97 -1.66220067  8.14139e-01  8.41661e-01  0.00000e+00  0.00000e+00
 -1.96 -1.74035462  7.81681e-01  8.09371e-01  0.00000e+00  0.00000e+00
 -1.95 -1.79106545  7.49168e-01  7.76494e-01  0.00000e+00  0.00000e+00
 -1.94 -1.81757405  7.17032e-01  7.43580e-01  0.00000e+00  0.00000e+00
 -1.93 -1.82310580  6.85613e-01  7.11077e-01  0.00000e+00  0.00000e+00
 -1.92 -1.81074811  6.55174e-01  6.79339e-01  0.00000e+00  0.00000e+00
 -1.91 -1.78336841  6.25904e-01  6.48634e-01  0.00000e+00  0.00000e+00
 -1.90 -1.74356626  5.97933e-01  6.19154e-01  0.00000e+00  0.00000e+00
 -1.89 -1.69365217  5.71341e-01  5.91027e-01  0.00000e+00  0.00000e+00
 -1.88 -1.63564600  5.46166e-01  5.64330e-01  0.00000e+00  0.00000e+00
 -1.87 -1.57128872  5.22416e-01  5.39096e-01  0.00000e+00  0.00000e+00
 -1.86 -1.50206246  5.00076e-01  5.15328e-01  0.00000e+00  0.00000e+00
 -1.85 -1.42921507  4.79110e-01  4.93004e-01  0.00000e+00  0.00000e+00
 -1.84 -1.35378639  4.59472e-01  4.72084e-01  0.00000e+00  0.00000e+00
 -1.83 -1.27663442  4.41108e-01  4.52517e-01  0.00000e+00  0.00000e+00
 -1.82 -1.19846007  4.23958e-01  4.34243e-01  0.00000e+00  0.00000e+00
 -1.81 -1.11982999  4.07958e-01  4.17198e-01  0.00000e+00  0.00000e+00
 -1.80 -1.04119694  3.93045e-01  4.01316e-01  0.00000e+00  0.00000e+00
 -1.79 -0.96291788  3.79158e-01  3.86531e-01  0.00000e+00  0.00000e+00
 -1.78 -0.88526957  3.66234e-01  3.72776e-01  0.00000e+00  0.00000e+00
 -1.77 -0.80846205  3.54215e-01  3.59989e-01  0.00000e+00  0.00000e+00
 -1.76 -0.73265013  3.43046e-01  3.48110e-01  0.00000e+00  0.00000e+00
 -1.75 -0.65794306  3.32674e-01  3.37081e-01  0.00000e+00  0.00000e+00
 -1.74 -0.58441273  3.23050e-01  3.26848e-01  0.00000e+00  0.00000e+00
 -1.73 -0.51210050  3.14128e-01  3.17361e-01  0.00000e+00  0.00000e+00
 -1.72 -0.44102285  3.05864e-01  3.08574e-01  0.00000e+00  0.00000e+00
 -1.71 -0.37117616  2.98220e-01  3.00443e-01  0.00000e+00  0.00000e+00
 -1.70 -0.30254055  2.91160e-01  2.92927e-01  0.00000e+00  0.00000e+00
 -1.69 -0.23508316  2.84650e-01  2.85991e-01  0.00000e+00  0.00000e+00
 -1.68 -0.16876071  2.78659e-01  2.79601e-01  0.00000e+00  0.00000e+00
 -1.67 -0.10352171  2.73159e-01  2.73725e-01  0.00000e+00  0.00000e+00
 -1.66 -0.03930821  2.68127e-01  2.68337e-01  0.00000e+00  0.00000e+00
 -1.65  0.02394283  2.63537e-01  2.63411e-01  0.00000e+00  0.00000e+00
 -1.64  0.08629835  2.59371e-01  2.58924e-01  0.00000e+00  0.00000e+00
 -1.63  0.14782831  2.55610e-01  2.54856e-01  0.00000e+00  0.00000e+00
 -1.62  0.20860496  2.52237e-01  2.51187e-01  0.00000e+00  0.00000e+00
 -1.61  0.26870225  2.49239e-01  2.47903e-01  0.00000e+00  0.00000e+00
 -1.60  0.32819544  2.46602e-01  2.44988e-01  0.00000e+00  0.00000e+00
 -1.59  0.38716074  2.44315e-01  2.42431e-01  0.00000e+00  0.00000e+00
 -1.58  0.44567508  2.42371e-01  2.40220e-01  0.00000e+00  0.00000e+00
 -1.57  0.50381593  2.40761e-01  2.38347e-01  0.00000e+00  0.00000e+00
 -1.56  0.56166115  2.39480e-01  2.36805e-01  0.00000e+00  0.00000e+00
 -1.55  0.61928898  2.38524e-01  2.35588e-01  0.00000e+00  0.00000e+00
 -1.54  0.67677795  2.37890e-01  2.34692e-01  0.00000e+00  0.00000e+00
 -1.53  0.73420685  2.37577e-01  2.34114e-01  0.00000e+00  0.00000e+00
 -1.52  0.79165478  2.37587e-01  2.33855e-01  0.00000e+00  0.00000e+00
 -1.51  0.84920109  2.37920e-01  2.33913e-01  0.00000e+00  0.00000e+00
 -1.50  0.90692542  2.38582e-01  2.34293e-01  0.00000e+00  0.00000e+00
 -1.49  0.96490767  2.39577e-01  2.34998e-01  0.00000e+00  0.00000e+00
 -1.48  1.02322794  2.40914e-01  2.36034e-01  0.00000e+00  0.00000e+00
 -1.47  1.08196652  2.42601e-01  2.37408e-01  0.00000e+00  0.00000e+00
 -1.46  1.14120372  2.44651e-01  2.39130e-01  0.00000e+00  0.00000e+00
 -1.45  1.20101972  2.47075e-01  2.41211e-01  0.00000e+00  0.00000e+00
 -1.44  1.26149431  2.49891e-01  2.43665e-01  0.00000e+00  0.00000e+00
 -1.43  1.32270651  2.53116e-01  2.46508e-01  0.00000e+00  0.00000e+00
 -1.42  1.38473411  2.56772e-01  2.49757e-01  0.00000e+00  0.00000e+00
 -1.41  1.44765299  2.60881e-01  2.53435e-01  0.00000e+00  0.00000e+00
 -1.40  1.51153625  2.65471e-01  2.57565e-01  0.00000e+00  0.00000e+00
 -1.39  1.57645309  2.70573e-01  2.62174e-01  0.00000e+00  0.00000e+00
 -1.38  1.64246730  2.76220e-01  2.67293e-01  0.00000e+00  0.00000e+00
 -1.37  1.70963544  2.82451e-01  2.72956e-01  0.00000e+00  0.00000e+00
 -1.36  1.77800436  2.89309e-01  2.79201e-01  0.00000e+00  0.00000e+00
 -1.35  1.84760817  2.96843e-01  2.86073e-01  0.00000e+00  0.00000e+00
 -1.34  1.91846429  3.05106e-01  2.93620e-01  0.00000e+00  0.00000e+00
 -1.33  1.99056857  3.14158e-01  3.01895e-01  0.00000e+00  0.00000e+00
 -1.32  2.06388902  3.24066e-01  3.10959e-01  0.00000e+00  0.00000e+00
 -1.31  2.13835792  3.34903e-01  3.20880e-01  0.00000e+00  0.00000e+00
 -1.30  2.21386196  3.46752e-01  3.31731e-01  0.00000e+00  0.00000e+00
 -1.29  2.29022978  3.59703e-01  3.43595e-01  0.00000e+00  0.00000e+00
 -1.28  2.36721641  3.73854e-01  3.56564e-01  0.00000e+00  0.00000e+00
 -1.27  2.44448379  3.89315e-01  3.70736e-01  0.00000e+00  0.00000e+00
 -1.26  2.52157659  4.06202e-01  3.86220e-01  0.00000e+00  0.00000e+00
 -1.25  2.59789220  4.24640e-01  4.03136e-01  0.00000e+00  0.00000e+00
 -1.24  2.67264383  4.44764e-01  4.21608e-01  0.00000e+00  0.00000e+00
 -1.23  2.74481547  4.66708e-01  4.41772e-01  0.00000e+00  0.00000e+00
 -1.22  2.81310768  4.90612e-01  4.63764e-01  0.00000e+00  0.00000e+00
 -1.21  2.87587321  5.16608e-01  4.87725e-01  0.00000e+00  0.00000e+00
 -1.20  2.93104250  5.44814e-01  5.13786e-01  0.00000e+00  0.00000e+00
 -1.19  2.97604025  5.75319e-01  5.42065e-01  0.00000e+00  0.00000e+00
 -1.18  3.00769674  6.08169e-01  5.72653e-01  0.00000e+00  0.00000e+00
 -1.17  3.02216144  6.43337e-01  6.05593e-01  0.00000e+00  0.00000e+00
 -1.16  3.01483249  6.80697e-01  6.40855e-01  0.00000e+00  0.00000e+00
 -1.15  2.98032368  7.19980e-01  6.78306e-01  0.00000e+00  0.00000e+00
 -1.14  2.91250127  7.60729e-01  7.17670e-01  0.00000e+00  0.00000e+00
 -1.13  2.80463451  8.02253e-01  7.58480e-01  0.00000e+00  0.00000e+00
 -1.12  2.64971256  8.43579e-01  8.00028e-01  0.00000e+00  0.00000e+00
 -1.11  2.44098072  8.83422e-01  8.41322e-01  0.00000e+00  0.00000e+00
 -1.10  2.17272904  9.20192e-01  8.81056e-01  0.00000e+00  0.00000e+00
 -1.09  1.84131713  9.52047e-01  9.17620e-01  0.00000e+00  0.00000e+00
 -1.08  1.44633263  9.77014e-01  9.49155e-01  0.00000e+00  0.00000e+00
 -1.07  0.99167054  9.93190e-01  9.73685e-01  0.00000e+00  0.00000e+00
 -1.06  0.48622450  9.98982e-01  9.89315e-01  0.00000e+00  0.00000e+00
 -1.05 -0.05613726  9.93368e-01  9.94484e-01  0.00000e+00  0.00000e+00
 -1.04 -0.61752110  9.76087e-01  9.88217e-01  0.00000e+00  0.00000e+00
 -1.03 -1.17783692  9.47724e-01  9.70316e-01  0.00000e+00  0.00000e+00
 -1.02 -1.71715718  9.09640e-01  9.41426e-01  0.00000e+00  0.00000e+00
 -1.01 -2.21805104  8.63775e-01  9.02962e-01  0.00000e+00  0.00000e+00
 -1.00 -2.66734660  8.12371e-01  8.56896e-01  0.00000e+00  0.00000e+00
 -0.99 -3.05699214  7.57696e-01  8.05482e-01  0.00000e+00  0.00000e+00
 -0.98 -3.38399505  7.01814e-01  7.50977e-01  0.00000e+00  0.00000e+00
 -0.97 -3.64966692  6.46443e-01  6.95416e-01  0.00000e+00  0.00000e+00
 -0.96 -3.85851129  5.92895e-01  6.40486e-01  0.00000e+00  0.00000e+00
 -0.95 -4.01706414  5.42086e-01  5.87461e-01  0.00000e+00  0.00000e+00
 -0.94 -4.13289618  4.94582e-01  5.37226e-01  0.00000e+00  0.00000e+00
 -0.93 -4.21387551  4.50668e-01  4.90320e-01  0.00000e+00  0.00000e+00
 -0.92 -4.26770659  4.10416e-01  4.47008e-01  0.00000e+00  0.00000e+00
 -0.91 -4.30171740  3.73752e-01  4.07353e-01  0.00000e+00  0.00000e+00
 -0.90 -4.32285716  3.40501e-01  3.71270e-01  0.00000e+00  0.00000e+00
 -0.89 -4.33788227  3.10432e-01  3.38586e-01  0.00000e+00  0.00000e+00
 -0.88 -4.35374629  2.83282e-01  3.09072e-01  0.00000e+00  0.00000e+00
 -0.87 -4.37828190  2.58776e-01  2.82473e-01  0.00000e+00  0.00000e+00
 -0.86 -4.42140921  2.36635e-01  2.58528e-01  0.00000e+00  0.00000e+00
 -0.85 -4.49745206  2.16582e-01  2.36981e-01  0.00000e+00  0.00000e+00
 -0.84 -4.63009291  1.98332e-01  2.17589e-01  0.00000e+00  0.00000e+00
 -0.83 -4.86454243  1.81561e-01  2.00128e-01  0.00000e+00  0.00000e+00
 -0.82 -5.30353746  1.65817e-01  1.84391e-01  0.00000e+00  0.00000e+00
 -0.81 -6.24876786  1.50173e-01  1.70192e-01  0.00000e+00  0.00000e+00
 -0.80 -9.15244291  1.30974e-01  1.57363e-01  0.00000e+00  0.00000e+00
 -0.79 -43.78593682  5.69849e-02  1.45758e-01  0.00000e+00  0.00000e+00
 -0.78  3.69123504  1.45608e-01  1.35241e-01  0.00000e+00  0.00000e+00
 -0.77  0.40139273  1.26710e-01  1.25697e-01  0.00000e+00  0.00000e+00
 -0.76 -0.62206815  1.15573e-01  1.17020e-01  0.00000e+00  0.00000e+00
 -0.75 -1.09543342  1.06754e-01  1.09119e-01  0.00000e+00  0.00000e+00
 -0.74 -1.35247376  9.91930e-02  1.01913e-01  0.00000e+00  0.00000e+00
 -0.73 -1.50308293  9.25058e-02  9.53291e-02  0.00000e+00  0.00000e+00
 -0.72 -1.59400642  8.65017e-02  8.93041e-02  0.00000e+00  0.00000e+00
 -0.71 -1.64848421  8.10639e-02  8.37814e-02  0.00000e+00  0.00000e+00
 -0.70 -1.67935887  7.61110e-02  7.87110e-02  0.00000e+00  0.00000e+00
 -0.69 -1.69429111  7.15812e-02  7.40486e-02  0.00000e+00  0.00000e+00
 -0.68 -1.69812181  6.74252e-02  6.97546e-02  0.00000e+00  0.00000e+00
 -0.67 -1.69405010  6.36021e-02  6.57942e-02  0.00000e+00  0.00000e+00
 -0.66 -1.68426666  6.00775e-02  6.21359e-02  0.00000e+00  0.00000e+00
 -0.65 -1.67031516  5.68214e-02  5.87518e-02  0.00000e+00  0.00000e+00
 -0.64 -1.65330906  5.38079e-02  5.56171e-02  0.00000e+00  0.00000e+00
 -0.63 -1.63406699  5.10145e-02  5.27094e-02  0.00000e+00  0.00000e+00
 -0.62 -1.61320032  4.84208e-02  5.00087e-02  0.00000e+00  0.00000e+00
 -0.61 -1.59117159  4.60092e-02  4.74970e-02  0.00000e+00  0.00000e+00
 -0.60 -1.56833438  4.37637e-02  4.51583e-02  0.00000e+00  0.00000e+00
 -0.59 -1.54496127  4.16701e-02  4.29779e-02  0.00000e+00  0.00000e+00
 -0.58 -1.52126373  3.97157e-02  4.09427e-02  0.00000e+00  0.00000e+00
 -0.57 -1.49740660  3.78889e-02  3.90409e-02  0.00000e+00  0.00000e+00
 -0.56 -1.47351873  3.61796e-02  3.72618e-02  0.00000e+00  0.00000e+00
 -0.55 -1.44970096  3.45783e-02  3.55956e-02  0.00000e+00  0.00000e+00
 -0.54 -1.42603214  3.30765e-02  3.40335e-02  0.00000e+00  0.00000e+00
 -0.53 -1.40257375  3.16667e-02  3.25676e-02  0.00000e+00  0.00000e+00
 -0.52 -1.37937344  3.03418e-02  3.11906e-02  0.00000e+00  0.00000e+00
 -0.51 -1.35646784  2.90955e-02  2.98957e-02  0.00000e+00  0.00000e+00
 -0.50 -1.33388473  2.79221e-02  2.86771e-02  0.00000e+00  0.00000e+00
 -0.49 -1.31164473  2.68162e-02  2.75291e-02  0.00000e+00  0.00000e+00
 -0.48 -1.28976274  2.57731e-02  2.64466e-02  0.00000e+00  0.00000e+00
 -0.47 -1.26824899  2.47884e-02  2.54252e-02  0.00000e+00  0.00000e+00
 -0.46 -1.24710995  2.38579e-02  2.44605e-02  0.00000e+00  0.00000e+00
 -0.45 -1.22634903  2.29780e-02  2.35486e-02  0.00000e+00  0.00000e+00
 -0.44 -1.20596719  2.21453e-02  2.26859e-02  0.00000e+00  0.00000e+00
 -0.43 -1.18596338  2.13566e-02  2.18693e-02  0.00000e+00  0.00000e+00
 -0.42 -1.16633498  2.06091e-02  2.10956e-02  0.00000e+00  0.00000e+00
 -0.41 -1.14707806  1.99001e-02  2.03620e-02  0.00000e+00  0.00000e+00
 -0.40 -1.12818767  1.92272e-02  1.96660e-02  0.00000e+00  0.00000e+00
 -0.39 -1.10965807  1.85880e-02  1.90052e-02  0.00000e+00  0.00000e+00
 -0.38 -1.09148288  1.79805e-02  1.83773e-02  0.00000e+00  0.00000e+00
 -0.37 -1.07365525  1.74027e-02  1.77804e-02  0.00000e+00  0.00000e+00
 -0.36 -1.05616796  1.68528e-02  1.72126e-02  0.00000e+00  0.00000e+00
 -0.35 -1.03901352  1.63292e-02  1.66721e-02  0.00000e+00  0.00000e+00
 -0.34 -1.02218431  1.58303e-02  1.61572e-02  0.00000e+00  0.00000e+00
 -0.33 -1.00567254  1.53546e-02  1.56666e-02  0.00000e+00  0.00000e+00
 -0.32 -0.98947041  1.49009e-02  1.51987e-02  0.00000e+00  0.00000e+00
 -0.31 -0.97357011  1.44678e-02  1.47523e-02  0.00000e+00  0.00000e+00
 -0.30 -0.95796384  1.40542e-02  1.43261e-02  0.00000e+00  0.00000e+00
 -0.29 -0.94264388  1.36590e-02  1.39190e-02  0.00000e+00  0.00000e+00
 -0.28 -0.92760258  1.32813e-02  1.35300e-02  0.00000e+00  0.00000e+00
 -0.27 -0.91283242  1.29200e-02  1.31580e-02  0.00000e+00  0.00000e+00
 -0.26 -0.89832599  1.25742e-02  1.28022e-02  0.00000e+00  0.00000e+00
 -0.25 -0.88407600  1.22432e-02  1.24616e-02  0.00000e+00  0.00000e+00
 -0.24 -0.87007533  1.19262e-02  1.21356e-02  0.00000e+00  0.00000e+00
 -0.23 -0.85631699  1.16224e-02  1.18232e-02  0.00000e+00  0.00000e+00
 -0.22 -0.84279415  1.13312e-02  1.15238e-02  0.00000e+00  0.00000e+00
 -0.21 -0.82950014  1.10519e-02  1.12368e-02  0.00000e+00  0.00000e+00
 -0.20 -0.81642846  1.07839e-02  1.09614e-02  0.00000e+00  0.00000e+00
 -0.19 -0.80357276  1.05267e-02  1.06972e-02  0.00000e+00  0.00000e+00
 -0.18 -0.79092685  1.02797e-02  1.04436e-02  0.00000e+00  0.00000e+00
 -0.17 -0.77848470  1.00424e-02  1.02000e-02  0.00000e+00  0.00000e+00
 -0.16 -0.76624045  9.81445e-03  9.96601e-03  0.00000e+00  0.00000e+00
 -0.15 -0.75418839  9.59528e-03  9.74111e-03  0.00000e+00  0.00000e+00
 -0.14 -0.74232295  9.38452e-03  9.52488e-03  0.00000e+00  0.00000e+00
 -0.13 -0.73063874  9.18177e-03  9.31693e-03  0.00000e+00  0.00000e+00
 -0.12 -0.71913047  8.98667e-03  9.11686e-03  0.00000e+00  0.00000e+00
 -0.11 -0.70779305  8.79887e-03  8.92431e-03  0.00000e+00  0.00000e+00
 -0.10 -0.69662150  8.61803e-03  8.73894e-03  0.00000e+00  0.00000e+00
 -0.09 -0.68561097  8.44385e-03  8.56043e-03  0.00000e+00  0.00000e+00
 -0.08 -0.67475675  8.27603e-03  8.38848e-03  0.00000e+00  0.00000e+00
 -0.07 -0.66405428  8.11429e-03  8.22278e-03  0.00000e+00  0.00000e+00
 -0.06 -0.65349909  7.95838e-03  8.06308e-03  0.00000e+00  0.00000e+00
 -0.05 -0.64308686  7.80803e-03  7.90910e-03  0.00000e+00  0.00000e+00
 -0.04 -0.63281337  7.66301e-03  7.76061e-03  0.00000e+00  0.00000e+00
 -0.03 -0.62267453  7.52310e-03  7.61738e-03  0.00000e+00  0.00000e+00
 -0.02 -0.61266634  7.38809e-03  7.47918e-03  0.00000e+00  0.00000e+00
 -0.01 -0.60278492  7.25778e-03  7.34580e-03  0.00000e+00  0.00000e+00
  0.00 -0.59302650  7.13196e-03  7.21706e-03  0.00000e+00  0.00000e+00
  0.01 -0.58338740  7.01047e-03  7.09275e-03  0.00000e+00  0.00000e+00
  0.02 -0.57386404  6.89313e-03  6.97270e-03  0.00000e+00  0.00000e+00
  0.03 -0.56445293  6.77978e-03  6.85675e-03  0.00000e+00  0.00000e+00
  0.04 -0.55515066  6.67025e-03  6.74472e-03  0.00000e+00  0.00000e+00
  0.05 -0.54595394  6.56441e-03  6.63648e-03  0.00000e+00  0.00000e+00
  0.06 -0.53685953  6.46211e-03  6.53187e-03  0.00000e+00  0.00000e+00
  0.07 -0.52786429  6.36321e-03  6.43075e-03  0.00000e+00  0.00000e+00
  0.08 -0.51896516  6.26760e-03  6.33299e-03  0.00000e+00  0.00000e+00
  0.09 -0.51015913  6.17514e-03  6.23847e-03  0.00000e+00  0.00000e+00
  0.10 -0.50144330  6.08572e-03  6.14706e-03  0.00000e+00  0.00000e+00
  0.11 -0.49281482  5.99924e-03  6.05866e-03  0.00000e+00  0.00000e+00
  0.12 -0.48427090  5.91558e-03  5.97316e-03  0.00000e+00  0.00000e+00
  0.13 -0.47580884  5.83465e-03  5.89044e-03  0.00000e+00  0.00000e+00
  0.14 -0.46742598  5.75635e-03  5.81042e-03  0.00000e+00  0.00000e+00
  0.15 -0.45911973  5.68059e-03  5.73299e-03  0.00000e+00  0.00000e+00
  0.16 -0.45088757  5.60728e-03  5.65808e-03  0.00000e+00  0.00000e+00
  0.17 -0.44272701  5.53635e-03  5.58559e-03  0.00000e+00  0.00000e+00
  0.18 -0.43463565  5.46770e-03  5.51543e-03  0.00000e+00  0.00000e+00
  0.19 -0.42661112  5.40126e-03  5.44755e-03  0.00000e+00  0.00000e+00
  0.20 -0.41865110  5.33697e-03  5.38185e-03  0.00000e+00  0.00000e+00
  0.21 -0.41075333  5.27475e-03  5.31826e-03  0.00000e+00  0.00000e+00
  0.22 -0.40291559  5.21454e-03  5.25673e-03  0.00000e+00  0.00000e+00
  0.23 -0.39513571  5.15627e-03  5.19718e-03  0.00000e+00  0.00000e+00
  0.24 -0.38741157  5.09988e-03  5.13955e-03  0.00000e+00  0.00000e+00
  0.25 -0.37974108  5.04531e-03  5.08378e-03  0.00000e+00  0.00000e+00
  0.26 -0.37212220  4.99252e-03  5.02982e-03  0.00000e+00  0.00000e+00
  0.27 -0.36455292  4.94144e-03  4.97760e-03  0.00000e+00  0.00000e+00
  0.28 -0.35703128  4.89203e-03  4.92709e-03  0.00000e+00  0.00000e+00
  0.29 -0.34955537  4.84424e-03  4.87822e-03  0.00000e+00  0.00000e+00
  0.30 -0.34212328  4.79802e-03  4.83096e-03  0.00000e+00  0.00000e+00
  0.31 -0.33473316  4.75332e-03  4.78525e-03  0.00000e+00  0.00000e+00
  0.32 -0.32738319  4.71011e-03  4.74105e-03  0.00000e+00  0.00000e+00
  0.33 -0.32007158  4.66834e-03  4.69832e-03  0.00000e+00  0.00000e+00
  0.34 -0.31279657  4.62798e-03  4.65702e-03  0.00000e+00  0.00000e+00
  0.35 -0.30555645  4.58899e-03  4.61712e-03  0.00000e+00  0.00000e+00
  0.36 -0.29834950  4.55132e-03  4.57856e-03  0.00000e+00  0.00000e+00
  0.37 -0.29117406  4.51496e-03  4.54133e-03  0.00000e+00  0.00000e+00
  0.38 -0.28402850  4.47986e-03  4.50538e-03  0.00000e+00  0.00000e+00
  0.39 -0.27691118  4.44599e-03  4.47068e-03  0.00000e+00  0.00000e+00
  0.40 -0.26982054  4.41333e-03  4.43721e-03  0.00000e+00  0.00000e+00
  0.41 -0.26275500  4.38185e-03  4.40494e-03  0.00000e+00  0.00000e+00
  0.42 -0.25571303  4.35151e-03  4.37382e-03  0.00000e+00  0.00000e+00
  0.43 -0.24869312  4.32230e-03  4.34385e-03  0.00000e+00  0.00000e+00
  0.44 -0.24169377  4.29418e-03  4.31499e-03  0.00000e+00  0.00000e+00
  0.45 -0.23471351  4.26713e-03  4.28721e-03  0.00000e+00  0.00000e+00
  0.46 -0.22775091  4.24114e-03  4.26050e-03  0.00000e+00  0.00000e+00
  0.47 -0.22080453  4.21617e-03  4.23484e-03  0.00000e+00  0.00000e+00
  0.48 -0.21387297  4.19222e-03  4.21019e-03  0.00000e+00  0.00000e+00
  0.49 -0.20695486  4.16925e-03  4.18654e-03  0.00000e+00  0.00000e+00
  0.50 -0.20004882  4.14725e-03  4.16387e-03  0.00000e+00  0.00000e+00
  0.51 -0.19315353  4.12620e-03  4.14217e-03  0.00000e+00  0.00000e+00
  0.52 -0.18626765  4.10608e-03  4.12141e-03  0.00000e+00  0.00000e+00
  0.53 -0.17938990  4.08688e-03  4.10157e-03  0.00000e+00  0.00000e+00
  0.54 -0.17251897  4.06859e-03  4.08265e-03  0.00000e+00  0.00000e+00
  0.55 -0.16565362  4.05118e-03  4.06462e-03  0.00000e+00  0.00000e+00
  0.56 -0.15879259  4.03464e-03  4.04747e-03  0.00000e+00  0.00000e+00
  0.57 -0.15193467  4.01896e-03  4.03119e-03  0.00000e+00  0.00000e+00
  0.58 -0.14507865  4.00413e-03  4.01577e-03  0.00000e+00  0.00000e+00
  0.59 -0.13822333  3.99013e-03  4.00118e-03  0.00000e+00  0.00000e+00
  0.60 -0.13136756  3.97696e-03  3.98743e-03  0.00000e+00  0.00000e+00
  0.61 -0.12451019  3.96460e-03  3.97449e-03  0.00000e+00  0.00000e+00
  0.62 -0.11765009  3.95305e-03  3.96236e-03  0.00000e+00  0.00000e+00
  0.63 -0.11078615  3.94229e-03  3.95103e-03  0.00000e+00  0.00000e+00
  0.64 -0.10391728  3.93231e-03  3.94049e-03  0.00000e+00  0.00000e+00
  0.65 -0.09704243  3.92311e-03  3.93074e-03  0.00000e+00  0.00000e+00
  0.66 -0.09016054  3.91468e-03  3.92175e-03  0.00000e+00  0.00000e+00
  0.67 -0.08327060  3.90702e-03  3.91353e-03  0.00000e+00  0.00000e+00
  0.68 -0.07637161  3.90011e-03  3.90607e-03  0.00000e+00  0.00000e+00
  0.69 -0.06946259  3.89395e-03  3.89936e-03  0.00000e+00  0.00000e+00
  0.70 -0.06254260  3.88853e-03  3.89340e-03  0.00000e+00  0.00000e+00
  0.71 -0.05561071  3.88386e-03  3.88818e-03  0.00000e+00  0.00000e+00
  0.72 -0.04866603  3.87992e-03  3.88370e-03  0.00000e+00  0.00000e+00
  0.73 -0.04170769  3.87672e-03  3.87995e-03  0.00000e+00  0.00000e+00
  0.74 -0.03473486  3.87424e-03  3.87693e-03  0.00000e+00  0.00000e+00
  0.75 -0.02774674  3.87249e-03  3.87464e-03  0.00000e+00  0.00000e+00
  0.76 -0.02074255  3.87147e-03  3.87307e-03  0.00000e+00  0.00000e+00
  0.77 -0.01372157  3.87116e-03  3.87223e-03  0.00000e+00  0.00000e+00
  0.78 -0.00668310  3.87158e-03  3.87210e-03  0.00000e+00  0.00000e+00
  0.79  0.00037351  3.87272e-03  3.87269e-03  0.00000e+00  0.00000e+00
  0.80  0.00744887  3.87458e-03  3.87400e-03  0.00000e+00  0.00000e+00
  0.81  0.01454354  3.87716e-03  3.87603e-03  0.00000e+00  0.00000e+00
  0.82  0.02165802  3.88046e-03  3.87878e-03  0.00000e+00  0.00000e+00
  0.83  0.02879278  3.88449e-03  3.88225e-03  0.00000e+00  0.00000e+00
  0.84  0.03594821  3.88923e-03  3.88644e-03  0.00000e+00  0.00000e+00
  0.85  0.04312464  3.89471e-03  3.89135e-03  0.00000e+00  0.00000e+00
  0.86  0.05032233  3.90091e-03  3.89699e-03  0.00000e+00  0.00000e+00
  0.87  0.05754149  3.90785e-03  3.90336e-03  0.00000e+00  0.00000e+00
  0.88  0.06478221  3.91552e-03  3.91045e-03  0.00000e+00  0.00000e+00
  0.89  0.07204451  3.92394e-03  3.91829e-03  0.00000e+00  0.00000e+00
  0.90  0.07932834  3.93310e-03  3.92686e-03  0.00000e+00  0.00000e+00
  0.91  0.08663352  3.94301e-03  3.93618e-03  0.00000e+00  0.00000e+00
  0.92  0.09395976  3.95367e-03  3.94625e-03  0.00000e+00  0.00000e+00
  0.93  0.10130665  3.96510e-03  3.95707e-03  0.00000e+00  0.00000e+00
  0.94  0.10867367  3.97729e-03  3.96866e-03  0.00000e+00  0.00000e+00
  0.95  0.11606012  3.99027e-03  3.98102e-03  0.00000e+00  0.00000e+00
  0.96  0.12346518  4.00402e-03  3.99415e-03  0.00000e+00  0.00000e+00
  0.97  0.13088783  4.01857e-03  4.00807e-03  0.00000e+00  0.00000e+00
  0.98  0.13832686  4.03393e-03  4.02278e-03  0.00000e+00  0.00000e+00
  0.99  0.14578089  4.05009e-03  4.03830e-03  0.00000e+00  0.00000e+00
  1.00  0.15324827  4.06707e-03  4.05463e-03  0.00000e+00  0.00000e+00
  1.01  0.16072712  4.08489e-03  4.07178e-03  0.00000e+00  0.00000e+00
  1.02  0.16821530  4.10355e-03  4.08977e-03  0.00000e+00  0.00000e+00
  1.03  0.17571033  4.12307e-03  4.10860e-03  0.00000e+00  0.00000e+00
  1.04  0.18320945  4.14345e-03  4.12830e-03  0.00000e+00  0.00000e+00
  1.05  0.19070948  4.16472e-03  4.14887e-03  0.00000e+00  0.00000e+00
  1.06  0.19820688  4.18688e-03  4.17032e-03  0.00000e+00  0.00000e+00
  1.07  0.20569762  4.20996e-03  4.19267e-03  0.00000e+00  0.00000e+00
  1.08  0.21317719  4.23396e-03  4.21594e-03  0.00000e+00  0.00000e+00
  1.09  0.22064054  4.25890e-03  4.24015e-03  0.00000e+00  0.00000e+00
  1.10  0.22808197  4.28480e-03  4.26530e-03  0.00000e+00  0.00000e+00
  1.11  0.23549513  4.31168e-03  4.29142e-03  0.00000e+00  0.00000e+00
  1.12  0.24287286  4.33955e-03  4.31852e-03  0.00000e+00  0.00000e+00
  1.13  0.25020716  4.36844e-03  4.34663e-03  0.00000e+00  0.00000e+00
  1.14  0.25748909  4.39836e-03  4.37577e-03  0.00000e+00  0.00000e+00
  1.15  0.26470858  4.42934e-03  4.40595e-03  0.00000e+00  0.00000e+00
  1.16  0.27185436  4.46140e-03  4.43721e-03  0.00000e+00  0.00000e+00
  1.17  0.27891379  4.49456e-03  4.46956e-03  0.00000e+00  0.00000e+00
  1.18  0.28587266  4.52885e-03  4.50303e-03  0.00000e+00  0.00000e+00
  1.19  0.29271497  4.56428e-03  4.53764e-03  0.00000e+00  0.00000e+00
  1.20  0.29942275  4.60089e-03  4.57342e-03  0.00000e+00  0.00000e+00
  1.21  0.30597568  4.63871e-03  4.61041e-03  0.00000e+00  0.00000e+00
  1.22  0.31235082  4.67776e-03  4.64863e-03  0.00000e+00  0.00000e+00
  1.23  0.31852221  4.71807e-03  4.68811e-03  0.00000e+00  0.00000e+00
  1.24  0.32446040  4.75967e-03  4.72889e-03  0.00000e+00  0.00000e+00
  1.25  0.33013187  4.80260e-03  4.77099e-03  0.00000e+00  0.00000e+00
  1.26  0.33549843  4.84688e-03  4.81447e-03  0.00000e+00  0.00000e+00
  1.27  0.34051639  4.89256e-03  4.85936e-03  0.00000e+00  0.00000e+00
  1.28  0.34513563  4.93967e-03  4.90569e-03  0.00000e+00  0.00000e+00
  1.29  0.34929849  4.98824e-03  4.95352e-03  0.00000e+00  0.00000e+00
  1.30  0.35293828  5.03832e-03  5.00288e-03  0.00000e+00  0.00000e+00
  1.31  0.35597767  5.08995e-03  5.05384e-03  0.00000e+00  0.00000e+00
  1.32  0.35832651  5.14316e-03  5.10644e-03  0.00000e+00  0.00000e+00
  1.33  0.35987921  5.19801e-03  5.16073e-03  0.00000e+00  0.00000e+00
  1.34  0.36051141  5.25454e-03  5.21679e-03  0.00000e+00  0.00000e+00
  1.35  0.36007580  5.31280e-03  5.27468e-03  0.00000e+00  0.00000e+00
  1.36  0.35839671  5.37283e-03  5.33446e-03  0.00000e+00  0.00000e+00
  1.37  0.35526319  5.43470e-03  5.39622e-03  0.00000e+00  0.00000e+00
  1.38  0.35041986  5.49844e-03  5.46004e-03  0.00000e+00  0.00000e+00
  1.39  0.34355489  5.56413e-03  5.52603e-03  0.00000e+00  0.00000e+00
  1.40  0.33428374  5.63182e-03  5.59429e-03  0.00000e+00  0.00000e+00
  1.41  0.32212705  5.70157e-03  5.66496e-03  0.00000e+00  0.00000e+00
  1.42  0.30647993  5.77345e-03  5.73816e-03  0.00000e+00  0.00000e+00
  1.43  0.28656848  5.84751e-03  5.81409e-03  0.00000e+00  0.00000e+00
  1.44  0.26138693  5.92384e-03  5.89295e-03  0.00000e+00  0.00000e+00
  1.45  0.22960451  6.00250e-03  5.97500e-03  0.00000e+00  0.00000e+00
  1.46  0.18942361  6.08358e-03  6.06057e-03  0.00000e+00  0.00000e+00
  1.47  0.13835647  6.16714e-03  6.15010e-03  0.00000e+00  0.00000e+00
  1.48  0.07286030  6.25327e-03  6.24417e-03  0.00000e+00  0.00000e+00
  1.49 -0.01228628  6.34207e-03  6.34362e-03  0.00000e+00  0.00000e+00
  1.50 -0.12510835  6.43361e-03  6.44972e-03  0.00000e+00  0.00000e+00
  1.51 -0.27860433  6.52799e-03  6.56446e-03  0.00000e+00  0.00000e+00
  1.52 -0.49529834  6.62531e-03  6.69126e-03  0.00000e+00  0.00000e+00
  1.53 -0.81791074  6.72567e-03  6.83660e-03  0.00000e+00  0.00000e+00
  1.54 -1.33849965  6.82918e-03  7.01448e-03  0.00000e+00  0.00000e+00
  1.55 -2.29843232  6.93595e-03  7.26229e-03  0.00000e+00  0.00000e+00
  1.56 -4.59558225  7.04610e-03  7.72492e-03  0.00000e+00  0.00000e+00
  1.57 -16.54825561  7.15975e-03  9.99927e-03  0.00000e+00  0.00000e+00
  1.58 15.90932876  7.27703e-03  5.27939e-03  0.00000e+00  0.00000e+00
  1.59  6.57405290  7.39807e-03  6.48537e-03  0.00000e+00  0.00000e+00
  1.60  4.49017902  7.52301e-03  6.87645e-03  0.00000e+00  0.00000e+00
  1.61  3.59111249  7.65200e-03  7.12147e-03  0.00000e+00  0.00000e+00
  1.62  3.09789398  7.78520e-03  7.31734e-03  0.00000e+00  0.00000e+00
  1.63  2.79163326  7.92275e-03  7.49242e-03  0.00000e+00  0.00000e+00
  1.64  2.58697026  8.06484e-03  7.65810e-03  0.00000e+00  0.00000e+00
  1.65  2.44374933  8.21164e-03  7.81987e-03  0.00000e+00  0.00000e+00
  1.66  2.34060201  8.36334e-03  7.98078e-03  0.00000e+00  0.00000e+00
  1.67  2.26511502  8.52012e-03  8.14269e-03  0.00000e+00  0.00000e+00
  1.68  2.20958733  8.68220e-03  8.30681e-03  0.00000e+00  0.00000e+00
  1.69  2.16899075  8.84978e-03  8.47403e-03  0.00000e+00  0.00000e+00
  1.70  2.13990532  9.02310e-03  8.64502e-03  0.00000e+00  0.00000e+00
  1.71  2.11992615  9.20239e-03  8.82032e-03  0.00000e+00  0.00000e+00
  1.72  2.10731475  9.38790e-03  9.00040e-03  0.00000e+00  0.00000e+00
  1.73  2.10078503  9.57988e-03  9.18566e-03  0.00000e+00  0.00000e+00
  1.74  2.09936679  9.77863e-03  9.37649e-03  0.00000e+00  0.00000e+00
  1.75  2.10231595  9.98442e-03  9.57325e-03  0.00000e+00  0.00000e+00
  1.76  2.10905381  1.01976e-02  9.77629e-03  0.00000e+00  0.00000e+00
  1.77  2.11912495  1.04184e-02  9.98597e-03  0.00000e+00  0.00000e+00
  1.78  2.13216748  1.06472e-02  1.02026e-02  0.00000e+00  0.00000e+00
  1.79  2.14789154  1.08844e-02  1.04266e-02  0.00000e+00  0.00000e+00
  1.80  2.16606353  1.11303e-02  1.06583e-02  0.00000e+00  0.00000e+00
  1.81  2.18649443  1.13853e-02  1.08981e-02  0.00000e+00  0.00000e+00
  1.82  2.20903089  1.16500e-02  1.11464e-02  0.00000e+00  0.00000e+00
  1.83  2.23354852  1.19246e-02  1.14035e-02  0.00000e+00  0.00000e+00
  1.84  2.25994665  1.22096e-02  1.16700e-02  0.00000e+00  0.00000e+00
  1.85  2.28814428  1.25057e-02  1.19462e-02  0.00000e+00  0.00000e+00
  1.86  2.31807683  1.28132e-02  1.22326e-02  0.00000e+00  0.00000e+00
  1.87  2.34969368  1.31327e-02  1.25297e-02  0.00000e+00  0.00000e+00
  1.88  2.38295605  1.34649e-02  1.28381e-02  0.00000e+00  0.00000e+00
  1.89  2.41783547  1.38103e-02  1.31582e-02  0.00000e+00  0.00000e+00
  1.90  2.45431239  1.41695e-02  1.34907e-02  0.00000e+00  0.00000e+00
  1.91  2.49237515  1.45434e-02  1.38361e-02  0.00000e+00  0.00000e+00
  1.92  2.53201914  1.49326e-02  1.41951e-02  0.00000e+00  0.00000e+00
  1.93  2.57324606  1.53379e-02  1.45683e-02  0.00000e+00  0.00000e+00
  1.94  2.61606335  1.57601e-02  1.49565e-02  0.00000e+00  0.00000e+00
  1.95  2.66048377  1.62001e-02  1.53604e-02  0.00000e+00  0.00000e+00
  1.96  2.70652500  1.66589e-02  1.57809e-02  0.00000e+00  0.00000e+00
  1.97  2.75420933  1.71374e-02  1.62187e-02  0.00000e+00  0.00000e+00
  1.98  2.80356345  1.76368e-02  1.66748e-02  0.00000e+00  0.00000e+00
  1.99  2.85461828  1.81581e-02  1.71501e-02  0.00000e+00  0.00000e+00
  2.00  2.90740879  1.87025e-02  1.76457e-02  0.00000e+00  0.00000e+00
  2.01  2.96197395  1.92714e-02  1.81626e-02  0.00000e+00  0.00000e+00
  2.02  3.01835664  1.98661e-02  1.87020e-02  0.00000e+00  0.00000e+00
  2.03  3.07660365  2.04881e-02  1.92650e-02  0.00000e+00  0.00000e+00
  2.04  3.13676565  2.11389e-02  1.98531e-02  0.00000e+00  0.00000e+00
  2.05  3.19889725  2.18203e-02  2.04675e-02  0.00000e+00  0.00000e+00
  2.06  3.26305700  2.25339e-02  2.11098e-02  0.00000e+00  0.00000e+00
  2.07  3.32930750  2.32818e-02  2.17815e-02  0.00000e+00  0.00000e+00
  2.08  3.39771545  2.40660e-02  2.24843e-02  0.00000e+00  0.00000e+00
  2.09  3.46835181  2.48887e-02  2.32201e-02  0.00000e+00  0.00000e+00
  2.10  3.54129186  2.57522e-02  2.39907e-02  0.00000e+00  0.00000e+00
  2.11  3.61661539  2.66592e-02  2.47981e-02  0.00000e+00  0.00000e+00
  2.12  3.69440683  2.76122e-02  2.56447e-02  0.00000e+00  0.00000e+00
  2.13  3.77475545  2.86144e-02  2.65327e-02  0.00000e+00  0.00000e+00
  2.14  3.85775551  2.96688e-02  2.74648e-02  0.00000e+00  0.00000e+00
  2.15  3.94350649  3.07789e-02  2.84435e-02  0.00000e+00  0.00000e+00
  2.16  4.03211331  3.19484e-02  2.94718e-02  0.00000e+00  0.00000e+00
  2.17  4.12368654  3.31811e-02  3.05529e-02  0.00000e+00  0.00000e+00
  2.18  4.21834268  3.44814e-02  3.16901e-02  0.00000e+00  0.00000e+00
  2.19  4.31620436  3.58540e-02  3.28870e-02  0.00000e+00  0.00000e+00
  2.20  4.41740066  3.73039e-02  3.41476e-02  0.00000e+00  0.00000e+00
  2.21  4.52206734  3.88364e-02  3.54760e-02  0.00000e+00  0.00000e+00
  2.22  4.63034718  4.04576e-02  3.68768e-02  0.00000e+00  0.00000e+00
  2.23  4.74239021  4.21738e-02  3.83548e-02  0.00000e+00  0.00000e+00
  2.24  4.85835401  4.39919e-02  3.99154e-02  0.00000e+00  0.00000e+00
  2.25  4.97840404  4.59196e-02  4.15643e-02  0.00000e+00  0.00000e+00
  2.26  5.10271385  4.79650e-02  4.33076e-02  0.00000e+00  0.00000e+00
  2.27  5.23146540  5.01371e-02  4.51521e-02  0.00000e+00  0.00000e+00
  2.28  5.36484928  5.24457e-02  4.71049e-02  0.00000e+00  0.00000e+00
  2.29  5.50306493  5.49015e-02  4.91741e-02  0.00000e+00  0.00000e+00
  2.30  5.64632078  5.75160e-02  5.13681e-02  0.00000e+00  0.00000e+00
  2.31  5.79483440  6.03022e-02  5.36962e-02  0.00000e+00  0.00000e+00
  2.32  5.94883249  6.32739e-02  5.61685e-02  0.00000e+00  0.00000e+00
  2.33  6.10855083  6.64465e-02  5.87960e-02  0.00000e+00  0.00000e+00
  2.34  6.27423411  6.98367e-02  6.15906e-02  0.00000e+00  0.00000e+00
  2.35  6.44613550  7.34630e-02  6.45655e-02  0.00000e+00  0.00000e+00
  2.36  6.62451614  7.73456e-02  6.77347e-02  0.00000e+00  0.00000e+00
  2.37  6.80964430  8.15069e-02  7.11139e-02  0.00000e+00  0.00000e+00
  2.38  7.00179424  8.59713e-02  7.47200e-02  0.00000e+00  0.00000e+00
  2.39  7.20124465  9.07660e-02  7.85716e-02  0.00000e+00  0.00000e+00
  2.40  7.40827667  9.59207e-02  8.26888e-02  0.00000e+00  0.00000e+00
  2.41  7.62317122  1.01468e-01  8.70939e-02  0.00000e+00  0.00000e+00
  2.42  7.84620564  1.07445e-01  9.18113e-02  0.00000e+00  0.00000e+00
  2.43  8.07764944  1.13892e-01  9.68674e-02  0.00000e+00  0.00000e+00
  2.44  8.31775886  1.20852e-01  1.02291e-01  0.00000e+00  0.00000e+00
  2.45  8.56677022  1.28375e-01  1.08115e-01  0.00000e+00  0.00000e+00
  2.46  8.82489149  1.36515e-01  1.14374e-01  0.00000e+00  0.00000e+00
  2.47  9.09229196  1.45332e-01  1.21106e-01  0.00000e+00  0.00000e+00
  2.48  9.36908948  1.54891e-01  1.28354e-01  0.00000e+00  0.00000e+00
  2.49  9.65533486  1.65267e-01  1.36163e-01  0.00000e+00  0.00000e+00
  2.50  9.95099276  1.76538e-01  1.44583e-01  0.00000e+00  0.00000e+00
  2.51 10.25591852  1.88793e-01  1.53671e-01  0.00000e+00  0.00000e+00
  2.52 10.56983014  2.02130e-01  1.63485e-01  0.00000e+00  0.00000e+00
  2.53 10.89227461  2.16652e-01  1.74091e-01  0.00000e+00  0.00000e+00
  2.54 11.22258762  2.32475e-01  1.85560e-01  0.00000e+00  0.00000e+00
  2.55 11.55984584  2.49722e-01  1.97970e-01  0.00000e+00  0.00000e+00
  2.56 11.90281089  2.68526e-01  2.11401e-01  0.00000e+00  0.00000e+00
  2.57 12.24986416  2.89027e-01  2.25944e-01  0.00000e+00  0.00000e+00
  2.58 12.59893235  3.11372e-01  2.41692e-01  0.00000e+00  0.00000e+00
  2.59 12.94740376  3.35711e-01  2.58744e-01  0.00000e+00  0.00000e+00
  2.60 13.29203688  3.62193e-01  2.77204e-01  0.00000e+00  0.00000e+00
  2.61 13.62886391  3.90963e-01  2.97177e-01  0.00000e+00  0.00000e+00
  2.62 13.95309489  4.22151e-01  3.18770e-01  0.00000e+00  0.00000e+00
  2.63 14.25903084  4.55864e-01  3.42085e-01  0.00000e+00  0.00000e+00
  2.64 14.53999929  4.92174e-01  3.67218e-01  0.00000e+00  0.00000e+00
  2.65 14.78833075  5.31099e-01  3.94255e-01  0.00000e+00  0.00000e+00
  2.66 14.99539935  5.72590e-01  4.23259e-01  0.00000e+00  0.00000e+00
  2.67 15.15174918  6.16507e-01  4.54266e-01  0.00000e+00  0.00000e+00
  2.68 15.24730010  6.62600e-01  4.87275e-01  0.00000e+00  0.00000e+00
  2.69 15.27150031  7.10488e-01  5.22233e-01  0.00000e+00  0.00000e+00
  2.70 15.21277469  7.59625e-01  5.59023e-01  0.00000e+00  0.00000e+00
  2.71 15.05432780  8.09211e-01  5.97448e-01  0.00000e+00  0.00000e+00
  2.72 14.75130403  8.57748e-01  6.37220e-01  0.00000e+00  0.00000e+00
  2.73 14.08884025  9.00306e-01  6.77949e-01  0.00000e+00  0.00000e+00
  2.74 11.28402741  9.02064e-01  7.19128e-01  0.00000e+00  0.00000e+00
  2.75 -39.56212529  3.29183e-01  7.60144e-01  0.00000e+00  0.00000e+00
  2.76 -16.69306350  5.71314e-01  8.00274e-01  0.00000e+00  0.00000e+00
  2.77  0.80437489  8.52319e-01  8.38717e-01  0.00000e+00  0.00000e+00
  2.78  3.29979415  9.34306e-01  8.74615e-01  0.00000e+00  0.00000e+00
  2.79  3.38447374  9.70656e-01  9.07104e-01  0.00000e+00  0.00000e+00
  2.80  2.68048887  9.86885e-01  9.35360e-01  0.00000e+00  0.00000e+00
  2.81  1.62970253  9.90416e-01  9.58652e-01  0.00000e+00  0.00000e+00
  2.82  0.41460169  9.84519e-01  9.76389e-01  0.00000e+00  0.00000e+00
  2.83 -0.86430725  9.71219e-01  9.88154e-01  0.00000e+00  0.00000e+00
  2.84 -2.13944924  9.52080e-01  9.93709e-01  0.00000e+00  0.00000e+00
  2.85 -3.35860453  9.28442e-01  9.92975e-01  0.00000e+00  0.00000e+00
  2.86 -4.47572129  9.01489e-01  9.85966e-01  0.00000e+00  0.00000e+00
  2.87 -5.44148283  8.72256e-01  9.72646e-01  0.00000e+00  0.00000e+00
  2.88 -6.18495496  8.41629e-01  9.52601e-01  0.00000e+00  0.00000e+00
  2.89 -6.56112601  8.10345e-01  9.24148e-01  0.00000e+00  0.00000e+00
  2.90 -6.13804671  7.79001e-01  8.80886e-01  0.00000e+00  0.00000e+00
  2.91 -2.65967458  7.48063e-01  7.88943e-01  0.00000e+00  0.00000e+00
  2.92 63.64033848  7.17884e-01  1.59509e-01  0.00000e+00  0.00000e+00
  2.93 -16.04624167  6.88721e-01  9.51994e-01  0.00000e+00  0.00000e+00
  2.94 -15.44409273  6.60747e-01  9.02117e-01  0.00000e+00  0.00000e+00
  2.95 -15.14037842  6.34075e-01  8.60335e-01  0.00000e+00  0.00000e+00
  2.96 -15.09783340  6.08766e-01  8.25275e-01  0.00000e+00  0.00000e+00
  2.97 -15.15754960  5.84840e-01  7.93809e-01  0.00000e+00  0.00000e+00
  2.98 -15.25342867  5.62290e-01  7.64701e-01  0.00000e+00  0.00000e+00
  2.99 -15.35685637  5.41087e-01  7.37427e-01  0.00000e+00  0.00000e+00
