$basis
*
au x2c-SVPall-2c
# au    (23s30p16d6f) / [7s9p9d2f]     {8433311/743319111/532111111/51}
*
   8  s
  14882537.598      0.26105194889E-02
  1926582.2750      0.76560308413E-02
  359860.23099      0.19661636906E-01
  82689.640114      0.48996496564E-01
  22092.592645      0.11798643569
  6664.9283641      0.25499060716
  2193.4599899      0.42877378141
  746.14752136      0.32615500610
   4  s
  6555.8282554     -0.17474460961E-01
  1675.1647695     -0.76970040636E-01
  253.17802503      0.49961591708
  105.18651699      0.63994655956
   3  s
  176.09786546     -0.29088333359
  31.497934406      0.98385005236
  14.589009450      0.31940269502
   3  s
  30.145743206     -0.45119002002
  8.1895096880      0.84177281750
  4.3572515172      0.64327803873
   3  s
  6.1314304781     -0.39787859055
  1.5219623751      0.88199248213
 0.70443626713      0.55464304301
   1  s
 0.14629619652       1.0000000000
   1  s
 0.52091909421E-01   1.0000000000
   7  p
  149994.13435      0.12626065080E-02
  23614.236400      0.62906580409E-02
  5777.5593798      0.26843773484E-01
  1805.8046138      0.98622041785E-01
  659.53623220      0.27299028599
  261.61280675      0.47544795600
  106.90942920      0.30949432530
   4  p
  463.88067653     -0.21175984866E-01
  72.447762310      0.34778924471
  35.964326899      0.61500267260
  17.764120392      0.29855061482
   3  p
  54.117802249     -0.62406274184E-01
  10.523059469      0.72043707641
  4.5656844407      0.55873766844
   3  p
  9.3497861418     -0.13270274366
  1.6274419931      0.75439342131
 0.59750139336      0.48108768651
   1  p
 0.81000000000E-01   1.0000000000
   5  d
  1449.2883148      0.99713121492E-02
  410.56710024      0.70662702593E-01
  150.27017523      0.26558209599
  61.193729798      0.50044699235
  25.802367597      0.34400283259
   3  d
  28.187085710      0.15247060509
  12.666571444      0.52595761484
  5.5430183314      0.53474985291
   2  d
  3.6622996625      0.88538578254E-01
  2.0459774650      0.33666935509
   1  d
 0.83452420482       1.0000000000
   1  d
 0.25819786736       1.0000000000
   1  d
 0.79900000000E-01   1.0000000000
   5  f
  148.23205037      0.24881271826E-01
  48.991523288      0.13993417749
  19.078694890      0.36149613449
  7.6094645196      0.47552634809
  2.8540637333      0.29919539231
   1  f
 0.72482000000       1.0000000000
   9  p
  3732926.0460     -0.18283466035E-05
  373292.60460     -0.93402350176E-05
  56773.258707     -0.34365407429E-04
  13273.862022     -0.99629551208E-04
  4000.8697180     -0.28474441367E-03
  1404.3969494     -0.75697849577E-03
  552.43828293     -0.15939258102E-02
  232.34263718     -0.20933638047E-02
  99.150904810     -0.10018771507E-02
   1  p
  244.39799629       1.0000000000
   1  p
  83.628191897       1.0000000000
   1  p
  13.097246705       1.0000000000
   1  d
  174.12379789       1.0000000000
   1  d
  61.265621334       1.0000000000
   1  d
  10.334469783       1.0000000000
*
c x2c-SVPall-2c
# c     (7s4p1d) / [3s2p1d]     {511/31/1}
*
   5  s
  1231.7975026      0.58423195663E-02
  185.59747662      0.41511322209E-01
  42.087501620      0.18328499896
  11.630036940      0.46835260050
  3.5840894779      0.44306018203
   1  s
 0.40293518931       1.0000000000
   1  s
 0.13094194505       1.0000000000
   3  p
  9.4821246358      0.38172049009E-01
  2.0121097169      0.20999736986
 0.54812536603      0.51040979023
   1  p
 0.15277569397       1.0000000000
   1  d
 0.80000000000       1.0000000000
*
h x2c-SVPall-2c
# h     (4s1p) / [2s1p]     {31/1}
*
   3  s
  13.010701000      0.19682158000E-01
  1.9622572000      0.13796524000
 0.44453796000      0.47831935000
   1  s
 0.12194962000       1.0000000000
   1  p
 0.80000000000       1.0000000000
*
f x2c-SVPall-2c
# f     (7s4p1d) / [3s2p1d]     {511/31/1}
*
   5  s
  2881.7300152      0.59969309678E-02
  432.13586730      0.41024326729E-01
  98.204226413      0.18081448758
  27.394338898      0.46653878237
  8.5355801748      0.44387154435
   1  s
  1.0695959380       1.0000000000
   1  s
 0.33345324639       1.0000000000
   3  p
  22.743188910      0.45042652894E-01
  4.9923755871      0.23608477986
  1.3501270658      0.50963371150
   1  p
 0.34841975391       1.0000000000
   1  d
  1.4000000000       1.0000000000
*
cl x2c-SVPall-2c
# cl    (10s12p1d) / [4s4p1d]     {5311/5115/1}
*
   5  s
  11624.975556      0.70624801841E-02
  1686.7181705      0.43781130014E-01
  374.75893079      0.19289362746
  103.51992320      0.50379446860
  31.426643280      0.47453366129
   3  s
  52.852238954     -0.99722487921E-01
  5.7889050881      0.61325245631
  2.3827221283      0.55857661722
   1  s
 0.45196146155       1.0000000000
   1  s
 0.17149173775       1.0000000000
   5  p
  324.00050227      0.90624826235E-02
  74.627834818      0.65022048337E-01
  23.099320927      0.24829666374
  8.0452262702      0.50074720660
  2.9126246938      0.41006357776
   1  p
 0.77705558180       1.0000000000
   1  p
 0.21084277035       1.0000000000
   1  d
 0.65000000000       1.0000000000
   5  p
  719.63051132      0.52927094831E-03
  166.02091386      0.38095948376E-02
  52.711006101      0.17090336497E-01
  19.536035856      0.48552380481E-01
  7.7618943192      0.84193595178E-01
*
$ecp
*
au def-ecp
*
  ncore =    60           lmax =     3
#        coefficient   r^n          exponent
f
          30.4900889    2           4.7898200
           5.1710738    2           2.3949100
s-f
         426.8466792    2          13.2051000
          37.0070829    2           6.6025500
         -30.4900889    2           4.7898200
          -5.1710738    2           2.3949100
p-f
         261.1995804    2          10.4520200
          26.9624960    2           5.2260100
         -30.4900889    2           4.7898200
          -5.1710738    2           2.3949100
d-f
         124.7906656    2           7.8511000
          16.3007257    2           3.9255500
         -30.4900889    2           4.7898200
          -5.1710738    2           2.3949100
*
$end
