# E-Efermi, percentage polarization,Tuu,Tdd,Tdu,Tud 
 -2.00 -0.00010524  5.01572e-01  5.01573e-01  3.33217e-05  3.35616e-05
 -1.99 -0.00010360  5.00353e-01  5.00354e-01  3.27971e-05  3.30320e-05
 -1.98 -0.00010200  4.99151e-01  4.99152e-01  3.22845e-05  3.25147e-05
 -1.97 -0.00010043  4.97964e-01  4.97965e-01  3.17837e-05  3.20092e-05
 -1.96 -0.00009890  4.96794e-01  4.96794e-01  3.12943e-05  3.15152e-05
 -1.95 -0.00009740  4.95638e-01  4.95639e-01  3.08159e-05  3.10323e-05
 -1.94 -0.00009593  4.94498e-01  4.94499e-01  3.03483e-05  3.05604e-05
 -1.93 -0.00009450  4.93372e-01  4.93373e-01  2.98911e-05  3.00990e-05
 -1.92 -0.00009309  4.92261e-01  4.92262e-01  2.94441e-05  2.96478e-05
 -1.91 -0.00009172  4.91164e-01  4.91165e-01  2.90069e-05  2.92067e-05
 -1.90 -0.00009038  4.90081e-01  4.90082e-01  2.85793e-05  2.87752e-05
 -1.89 -0.00008906  4.89012e-01  4.89013e-01  2.81611e-05  2.83532e-05
 -1.88 -0.00008778  4.87956e-01  4.87957e-01  2.77519e-05  2.79403e-05
 -1.87 -0.00008652  4.86914e-01  4.86914e-01  2.73516e-05  2.75364e-05
 -1.86 -0.00008528  4.85884e-01  4.85885e-01  2.69598e-05  2.71411e-05
 -1.85 -0.00008407  4.84867e-01  4.84868e-01  2.65765e-05  2.67543e-05
 -1.84 -0.00008289  4.83862e-01  4.83863e-01  2.62012e-05  2.63757e-05
 -1.83 -0.00008173  4.82870e-01  4.82871e-01  2.58339e-05  2.60051e-05
 -1.82 -0.00008060  4.81890e-01  4.81890e-01  2.54743e-05  2.56423e-05
 -1.81 -0.00007949  4.80921e-01  4.80922e-01  2.51221e-05  2.52871e-05
 -1.80 -0.00007840  4.79964e-01  4.79965e-01  2.47773e-05  2.49392e-05
 -1.79 -0.00007733  4.79019e-01  4.79019e-01  2.44396e-05  2.45986e-05
 -1.78 -0.00007629  4.78084e-01  4.78085e-01  2.41089e-05  2.42650e-05
 -1.77 -0.00007526  4.77161e-01  4.77162e-01  2.37848e-05  2.39381e-05
 -1.76 -0.00007426  4.76248e-01  4.76249e-01  2.34674e-05  2.36180e-05
 -1.75 -0.00007328  4.75346e-01  4.75347e-01  2.31564e-05  2.33043e-05
 -1.74 -0.00007231  4.74455e-01  4.74455e-01  2.28516e-05  2.29969e-05
 -1.73 -0.00007137  4.73573e-01  4.73574e-01  2.25529e-05  2.26956e-05
 -1.72 -0.00007044  4.72702e-01  4.72702e-01  2.22602e-05  2.24004e-05
 -1.71 -0.00006953  4.71840e-01  4.71841e-01  2.19733e-05  2.21110e-05
 -1.70 -0.00006864  4.70988e-01  4.70989e-01  2.16919e-05  2.18273e-05
 -1.69 -0.00006776  4.70146e-01  4.70146e-01  2.14161e-05  2.15492e-05
 -1.68 -0.00006691  4.69313e-01  4.69313e-01  2.11457e-05  2.12765e-05
 -1.67 -0.00006607  4.68489e-01  4.68490e-01  2.08805e-05  2.10091e-05
 -1.66 -0.00006524  4.67674e-01  4.67675e-01  2.06204e-05  2.07468e-05
 -1.65 -0.00006443  4.66868e-01  4.66869e-01  2.03653e-05  2.04896e-05
 -1.64 -0.00006364  4.66071e-01  4.66072e-01  2.01151e-05  2.02373e-05
 -1.63 -0.00006286  4.65283e-01  4.65283e-01  1.98696e-05  1.99898e-05
 -1.62 -0.00006209  4.64502e-01  4.64503e-01  1.96287e-05  1.97469e-05
 -1.61 -0.00006134  4.63731e-01  4.63731e-01  1.93924e-05  1.95087e-05
 -1.60 -0.00006060  4.62967e-01  4.62967e-01  1.91605e-05  1.92749e-05
 -1.59 -0.00005988  4.62211e-01  4.62212e-01  1.89329e-05  1.90454e-05
 -1.58 -0.00005917  4.61464e-01  4.61464e-01  1.87095e-05  1.88202e-05
 -1.57 -0.00005847  4.60724e-01  4.60724e-01  1.84903e-05  1.85992e-05
 -1.56 -0.00005779  4.59991e-01  4.59992e-01  1.82750e-05  1.83822e-05
 -1.55 -0.00005711  4.59266e-01  4.59267e-01  1.80637e-05  1.81692e-05
 -1.54 -0.00005645  4.58549e-01  4.58549e-01  1.78562e-05  1.79600e-05
 -1.53 -0.00005580  4.57839e-01  4.57839e-01  1.76525e-05  1.77547e-05
 -1.52 -0.00005517  4.57136e-01  4.57136e-01  1.74524e-05  1.75530e-05
 -1.51 -0.00005454  4.56440e-01  4.56440e-01  1.72559e-05  1.73549e-05
 -1.50 -0.00005392  4.55751e-01  4.55751e-01  1.70629e-05  1.71604e-05
 -1.49 -0.00005332  4.55068e-01  4.55069e-01  1.68733e-05  1.69693e-05
 -1.48 -0.00005273  4.54393e-01  4.54393e-01  1.66871e-05  1.67816e-05
 -1.47 -0.00005214  4.53724e-01  4.53724e-01  1.65041e-05  1.65972e-05
 -1.46 -0.00005157  4.53062e-01  4.53062e-01  1.63243e-05  1.64161e-05
 -1.45 -0.00005100  4.52406e-01  4.52406e-01  1.61477e-05  1.62380e-05
 -1.44 -0.00005045  4.51756e-01  4.51756e-01  1.59741e-05  1.60631e-05
 -1.43 -0.00004991  4.51112e-01  4.51113e-01  1.58035e-05  1.58912e-05
 -1.42 -0.00004937  4.50475e-01  4.50475e-01  1.56358e-05  1.57222e-05
 -1.41 -0.00004884  4.49844e-01  4.49844e-01  1.54710e-05  1.55562e-05
 -1.40 -0.00004833  4.49218e-01  4.49218e-01  1.53090e-05  1.53929e-05
 -1.39 -0.00004782  4.48598e-01  4.48599e-01  1.51497e-05  1.52324e-05
 -1.38 -0.00004732  4.47984e-01  4.47985e-01  1.49932e-05  1.50747e-05
 -1.37 -0.00004683  4.47376e-01  4.47377e-01  1.48392e-05  1.49195e-05
 -1.36 -0.00004634  4.46774e-01  4.46774e-01  1.46878e-05  1.47670e-05
 -1.35 -0.00004587  4.46176e-01  4.46177e-01  1.45390e-05  1.46170e-05
 -1.34 -0.00004540  4.45585e-01  4.45585e-01  1.43925e-05  1.44695e-05
 -1.33 -0.00004494  4.44998e-01  4.44998e-01  1.42486e-05  1.43244e-05
 -1.32 -0.00004448  4.44417e-01  4.44417e-01  1.41069e-05  1.41818e-05
 -1.31 -0.00004404  4.43841e-01  4.43841e-01  1.39676e-05  1.40414e-05
 -1.30 -0.00004360  4.43270e-01  4.43270e-01  1.38305e-05  1.39033e-05
 -1.29 -0.00004317  4.42704e-01  4.42704e-01  1.36957e-05  1.37675e-05
 -1.28 -0.00004274  4.42143e-01  4.42143e-01  1.35631e-05  1.36339e-05
 -1.27 -0.00004232  4.41587e-01  4.41587e-01  1.34325e-05  1.35024e-05
 -1.26 -0.00004191  4.41035e-01  4.41036e-01  1.33041e-05  1.33730e-05
 -1.25 -0.00004151  4.40489e-01  4.40489e-01  1.31777e-05  1.32457e-05
 -1.24 -0.00004111  4.39947e-01  4.39947e-01  1.30533e-05  1.31204e-05
 -1.23 -0.00004072  4.39409e-01  4.39410e-01  1.29309e-05  1.29971e-05
 -1.22 -0.00004033  4.38877e-01  4.38877e-01  1.28104e-05  1.28757e-05
 -1.21 -0.00003995  4.38348e-01  4.38348e-01  1.26917e-05  1.27562e-05
 -1.20 -0.00003958  4.37824e-01  4.37825e-01  1.25750e-05  1.26386e-05
 -1.19 -0.00003921  4.37305e-01  4.37305e-01  1.24600e-05  1.25228e-05
 -1.18 -0.00003885  4.36789e-01  4.36790e-01  1.23468e-05  1.24088e-05
 -1.17 -0.00003849  4.36278e-01  4.36278e-01  1.22354e-05  1.22966e-05
 -1.16 -0.00003814  4.35771e-01  4.35772e-01  1.21257e-05  1.21861e-05
 -1.15 -0.00003779  4.35268e-01  4.35269e-01  1.20176e-05  1.20773e-05
 -1.14 -0.00003745  4.34770e-01  4.34770e-01  1.19112e-05  1.19701e-05
 -1.13 -0.00003711  4.34275e-01  4.34275e-01  1.18064e-05  1.18646e-05
 -1.12 -0.00003678  4.33784e-01  4.33784e-01  1.17032e-05  1.17607e-05
 -1.11 -0.00003646  4.33297e-01  4.33297e-01  1.16016e-05  1.16583e-05
 -1.10 -0.00003613  4.32814e-01  4.32814e-01  1.15015e-05  1.15575e-05
 -1.09 -0.00003582  4.32335e-01  4.32335e-01  1.14028e-05  1.14581e-05
 -1.08 -0.00003551  4.31859e-01  4.31859e-01  1.13056e-05  1.13603e-05
 -1.07 -0.00003520  4.31387e-01  4.31387e-01  1.12099e-05  1.12639e-05
 -1.06 -0.00003490  4.30919e-01  4.30919e-01  1.11156e-05  1.11689e-05
 -1.05 -0.00003460  4.30454e-01  4.30454e-01  1.10227e-05  1.10754e-05
 -1.04 -0.00003430  4.29993e-01  4.29993e-01  1.09311e-05  1.09832e-05
 -1.03 -0.00003401  4.29535e-01  4.29536e-01  1.08409e-05  1.08923e-05
 -1.02 -0.00003373  4.29081e-01  4.29081e-01  1.07520e-05  1.08028e-05
 -1.01 -0.00003345  4.28630e-01  4.28631e-01  1.06643e-05  1.07146e-05
 -1.00 -0.00003317  4.28183e-01  4.28183e-01  1.05780e-05  1.06276e-05
 -0.99 -0.00003290  4.27739e-01  4.27739e-01  1.04928e-05  1.05419e-05
 -0.98 -0.00003263  4.27298e-01  4.27298e-01  1.04089e-05  1.04574e-05
 -0.97 -0.00003236  4.26860e-01  4.26860e-01  1.03262e-05  1.03742e-05
 -0.96 -0.00003210  4.26426e-01  4.26426e-01  1.02447e-05  1.02921e-05
 -0.95 -0.00003184  4.25995e-01  4.25995e-01  1.01643e-05  1.02112e-05
 -0.94 -0.00003159  4.25566e-01  4.25567e-01  1.00851e-05  1.01314e-05
 -0.93 -0.00003133  4.25141e-01  4.25141e-01  1.00070e-05  1.00528e-05
 -0.92 -0.00003109  4.24719e-01  4.24719e-01  9.92993e-06  9.97522e-06
 -0.91 -0.00003084  4.24300e-01  4.24300e-01  9.85398e-06  9.89877e-06
 -0.90 -0.00003060  4.23884e-01  4.23884e-01  9.77908e-06  9.82338e-06
 -0.89 -0.00003036  4.23471e-01  4.23471e-01  9.70523e-06  9.74904e-06
 -0.88 -0.00003013  4.23060e-01  4.23061e-01  9.63240e-06  9.67573e-06
 -0.87 -0.00002990  4.22653e-01  4.22653e-01  9.56058e-06  9.60343e-06
 -0.86 -0.00002967  4.22248e-01  4.22248e-01  9.48974e-06  9.53213e-06
 -0.85 -0.00002945  4.21846e-01  4.21847e-01  9.41987e-06  9.46180e-06
 -0.84 -0.00002922  4.21447e-01  4.21447e-01  9.35096e-06  9.39244e-06
 -0.83 -0.00002901  4.21051e-01  4.21051e-01  9.28298e-06  9.32402e-06
 -0.82 -0.00002879  4.20657e-01  4.20657e-01  9.21593e-06  9.25653e-06
 -0.81 -0.00002858  4.20266e-01  4.20266e-01  9.14978e-06  9.18996e-06
 -0.80 -0.00002837  4.19877e-01  4.19878e-01  9.08453e-06  9.12428e-06
 -0.79 -0.00002816  4.19492e-01  4.19492e-01  9.02015e-06  9.05949e-06
 -0.78 -0.00002796  4.19108e-01  4.19108e-01  8.95663e-06  8.99557e-06
 -0.77 -0.00002776  4.18727e-01  4.18728e-01  8.89397e-06  8.93250e-06
 -0.76 -0.00002756  4.18349e-01  4.18349e-01  8.83214e-06  8.87027e-06
 -0.75 -0.00002736  4.17973e-01  4.17973e-01  8.77112e-06  8.80887e-06
 -0.74 -0.00002717  4.17600e-01  4.17600e-01  8.71092e-06  8.74828e-06
 -0.73 -0.00002698  4.17229e-01  4.17229e-01  8.65151e-06  8.68849e-06
 -0.72 -0.00002679  4.16860e-01  4.16860e-01  8.59288e-06  8.62949e-06
 -0.71 -0.00002660  4.16494e-01  4.16494e-01  8.53502e-06  8.57127e-06
 -0.70 -0.00002642  4.16130e-01  4.16130e-01  8.47792e-06  8.51380e-06
 -0.69 -0.00002624  4.15768e-01  4.15769e-01  8.42156e-06  8.45709e-06
 -0.68 -0.00002606  4.15409e-01  4.15409e-01  8.36593e-06  8.40111e-06
 -0.67 -0.00002588  4.15052e-01  4.15052e-01  8.31103e-06  8.34587e-06
 -0.66 -0.00002571  4.14697e-01  4.14697e-01  8.25683e-06  8.29133e-06
 -0.65 -0.00002553  4.14345e-01  4.14345e-01  8.20334e-06  8.23750e-06
 -0.64 -0.00002536  4.13994e-01  4.13994e-01  8.15053e-06  8.18437e-06
 -0.63 -0.00002520  4.13646e-01  4.13646e-01  8.09840e-06  8.13191e-06
 -0.62 -0.00002503  4.13300e-01  4.13300e-01  8.04693e-06  8.08013e-06
 -0.61 -0.00002487  4.12955e-01  4.12956e-01  7.99612e-06  8.02900e-06
 -0.60 -0.00002471  4.12613e-01  4.12614e-01  7.94596e-06  7.97853e-06
 -0.59 -0.00002455  4.12274e-01  4.12274e-01  7.89643e-06  7.92870e-06
 -0.58 -0.00002439  4.11936e-01  4.11936e-01  7.84753e-06  7.87950e-06
 -0.57 -0.00002423  4.11600e-01  4.11600e-01  7.79925e-06  7.83092e-06
 -0.56 -0.00002408  4.11266e-01  4.11266e-01  7.75157e-06  7.78295e-06
 -0.55 -0.00002393  4.10934e-01  4.10934e-01  7.70450e-06  7.73559e-06
 -0.54 -0.00002378  4.10604e-01  4.10604e-01  7.65801e-06  7.68882e-06
 -0.53 -0.00002363  4.10276e-01  4.10276e-01  7.61210e-06  7.64263e-06
 -0.52 -0.00002349  4.09950e-01  4.09950e-01  7.56677e-06  7.59702e-06
 -0.51 -0.00002334  4.09626e-01  4.09626e-01  7.52200e-06  7.55198e-06
 -0.50 -0.00002320  4.09303e-01  4.09304e-01  7.47778e-06  7.50750e-06
 -0.49 -0.00002306  4.08983e-01  4.08983e-01  7.43411e-06  7.46357e-06
 -0.48 -0.00002292  4.08664e-01  4.08664e-01  7.39098e-06  7.42018e-06
 -0.47 -0.00002278  4.08347e-01  4.08348e-01  7.34838e-06  7.37732e-06
 -0.46 -0.00002265  4.08032e-01  4.08033e-01  7.30630e-06  7.33499e-06
 -0.45 -0.00002251  4.07719e-01  4.07719e-01  7.26474e-06  7.29318e-06
 -0.44 -0.00002238  4.07408e-01  4.07408e-01  7.22369e-06  7.25189e-06
 -0.43 -0.00002225  4.07098e-01  4.07098e-01  7.18314e-06  7.21110e-06
 -0.42 -0.00002212  4.06790e-01  4.06790e-01  7.14308e-06  7.17080e-06
 -0.41 -0.00002200  4.06484e-01  4.06484e-01  7.10351e-06  7.13100e-06
 -0.40 -0.00002187  4.06179e-01  4.06179e-01  7.06442e-06  7.09168e-06
 -0.39 -0.00002175  4.05876e-01  4.05876e-01  7.02581e-06  7.05283e-06
 -0.38 -0.00002162  4.05575e-01  4.05575e-01  6.98766e-06  7.01446e-06
 -0.37 -0.00002150  4.05275e-01  4.05276e-01  6.94996e-06  6.97654e-06
 -0.36 -0.00002138  4.04977e-01  4.04978e-01  6.91273e-06  6.93909e-06
 -0.35 -0.00002126  4.04681e-01  4.04681e-01  6.87594e-06  6.90208e-06
 -0.34 -0.00002115  4.04386e-01  4.04387e-01  6.83959e-06  6.86552e-06
 -0.33 -0.00002103  4.04093e-01  4.04093e-01  6.80367e-06  6.82940e-06
 -0.32 -0.00002092  4.03802e-01  4.03802e-01  6.76819e-06  6.79370e-06
 -0.31 -0.00002080  4.03512e-01  4.03512e-01  6.73312e-06  6.75844e-06
 -0.30 -0.00002069  4.03223e-01  4.03223e-01  6.69848e-06  6.72359e-06
 -0.29 -0.00002058  4.02936e-01  4.02936e-01  6.66424e-06  6.68916e-06
 -0.28 -0.00002047  4.02651e-01  4.02651e-01  6.63042e-06  6.65514e-06
 -0.27 -0.00002037  4.02367e-01  4.02367e-01  6.59699e-06  6.62152e-06
 -0.26 -0.00002026  4.02084e-01  4.02084e-01  6.56396e-06  6.58829e-06
 -0.25 -0.00002016  4.01803e-01  4.01803e-01  6.53131e-06  6.55546e-06
 -0.24 -0.00002005  4.01524e-01  4.01524e-01  6.49906e-06  6.52302e-06
 -0.23 -0.00001995  4.01246e-01  4.01246e-01  6.46718e-06  6.49096e-06
 -0.22 -0.00001985  4.00969e-01  4.00969e-01  6.43567e-06  6.45928e-06
 -0.21 -0.00001975  4.00694e-01  4.00694e-01  6.40454e-06  6.42797e-06
 -0.20 -0.00001965  4.00420e-01  4.00420e-01  6.37377e-06  6.39702e-06
 -0.19 -0.00001955  4.00147e-01  4.00147e-01  6.34336e-06  6.36644e-06
 -0.18 -0.00001946  3.99876e-01  3.99876e-01  6.31331e-06  6.33621e-06
 -0.17 -0.00001936  3.99607e-01  3.99607e-01  6.28360e-06  6.30634e-06
 -0.16 -0.00001927  3.99338e-01  3.99338e-01  6.25425e-06  6.27682e-06
 -0.15 -0.00001917  3.99071e-01  3.99071e-01  6.22523e-06  6.24764e-06
 -0.14 -0.00001908  3.98805e-01  3.98806e-01  6.19656e-06  6.21880e-06
 -0.13 -0.00001899  3.98541e-01  3.98541e-01  6.16821e-06  6.19030e-06
 -0.12 -0.00001890  3.98278e-01  3.98278e-01  6.14020e-06  6.16213e-06
 -0.11 -0.00001881  3.98016e-01  3.98017e-01  6.11250e-06  6.13428e-06
 -0.10 -0.00001872  3.97756e-01  3.97756e-01  6.08513e-06  6.10676e-06
 -0.09 -0.00001864  3.97497e-01  3.97497e-01  6.05808e-06  6.07955e-06
 -0.08 -0.00001855  3.97239e-01  3.97239e-01  6.03134e-06  6.05266e-06
 -0.07 -0.00001847  3.96982e-01  3.96982e-01  6.00491e-06  6.02608e-06
 -0.06 -0.00001838  3.96727e-01  3.96727e-01  5.97878e-06  5.99981e-06
 -0.05 -0.00001830  3.96473e-01  3.96473e-01  5.95296e-06  5.97384e-06
 -0.04 -0.00001822  3.96220e-01  3.96220e-01  5.92743e-06  5.94817e-06
 -0.03 -0.00001814  3.95968e-01  3.95968e-01  5.90220e-06  5.92280e-06
 -0.02 -0.00001806  3.95718e-01  3.95718e-01  5.87725e-06  5.89772e-06
 -0.01 -0.00001798  3.95468e-01  3.95469e-01  5.85260e-06  5.87293e-06
  0.00 -0.00001790  3.95220e-01  3.95220e-01  5.82822e-06  5.84842e-06
  0.01 -0.00001782  3.94973e-01  3.94974e-01  5.80413e-06  5.82420e-06
  0.02 -0.00001775  3.94728e-01  3.94728e-01  5.78032e-06  5.80025e-06
  0.03 -0.00001767  3.94483e-01  3.94483e-01  5.75677e-06  5.77658e-06
  0.04 -0.00001760  3.94240e-01  3.94240e-01  5.73350e-06  5.75318e-06
  0.05 -0.00001752  3.93997e-01  3.93998e-01  5.71050e-06  5.73005e-06
  0.06 -0.00001745  3.93756e-01  3.93756e-01  5.68776e-06  5.70718e-06
  0.07 -0.00001738  3.93516e-01  3.93516e-01  5.66528e-06  5.68458e-06
  0.08 -0.00001731  3.93277e-01  3.93278e-01  5.64305e-06  5.66224e-06
  0.09 -0.00001724  3.93040e-01  3.93040e-01  5.62109e-06  5.64015e-06
  0.10 -0.00001717  3.92803e-01  3.92803e-01  5.59937e-06  5.61832e-06
  0.11 -0.00001710  3.92567e-01  3.92568e-01  5.57791e-06  5.59674e-06
  0.12 -0.00001703  3.92333e-01  3.92333e-01  5.55669e-06  5.57540e-06
  0.13 -0.00001697  3.92100e-01  3.92100e-01  5.53571e-06  5.55431e-06
  0.14 -0.00001690  3.91867e-01  3.91867e-01  5.51498e-06  5.53347e-06
  0.15 -0.00001683  3.91636e-01  3.91636e-01  5.49448e-06  5.51286e-06
  0.16 -0.00001677  3.91406e-01  3.91406e-01  5.47422e-06  5.49249e-06
  0.17 -0.00001671  3.91177e-01  3.91177e-01  5.45419e-06  5.47235e-06
  0.18 -0.00001664  3.90948e-01  3.90949e-01  5.43439e-06  5.45245e-06
  0.19 -0.00001658  3.90721e-01  3.90721e-01  5.41482e-06  5.43277e-06
  0.20 -0.00001652  3.90495e-01  3.90495e-01  5.39547e-06  5.41332e-06
  0.21 -0.00001646  3.90270e-01  3.90270e-01  5.37635e-06  5.39410e-06
  0.22 -0.00001640  3.90046e-01  3.90046e-01  5.35745e-06  5.37509e-06
  0.23 -0.00001634  3.89823e-01  3.89823e-01  5.33877e-06  5.35631e-06
  0.24 -0.00001628  3.89601e-01  3.89601e-01  5.32030e-06  5.33774e-06
  0.25 -0.00001622  3.89380e-01  3.89380e-01  5.30204e-06  5.31939e-06
  0.26 -0.00001616  3.89160e-01  3.89160e-01  5.28400e-06  5.30125e-06
  0.27 -0.00001611  3.88941e-01  3.88941e-01  5.26616e-06  5.28332e-06
  0.28 -0.00001605  3.88723e-01  3.88723e-01  5.24854e-06  5.26560e-06
  0.29 -0.00001599  3.88506e-01  3.88506e-01  5.23111e-06  5.24808e-06
  0.30 -0.00001594  3.88290e-01  3.88290e-01  5.21389e-06  5.23077e-06
  0.31 -0.00001589  3.88075e-01  3.88075e-01  5.19687e-06  5.21366e-06
  0.32 -0.00001583  3.87860e-01  3.87860e-01  5.18005e-06  5.19675e-06
  0.33 -0.00001578  3.87647e-01  3.87647e-01  5.16342e-06  5.18003e-06
  0.34 -0.00001573  3.87435e-01  3.87435e-01  5.14699e-06  5.16352e-06
  0.35 -0.00001568  3.87223e-01  3.87223e-01  5.13075e-06  5.14719e-06
  0.36 -0.00001562  3.87013e-01  3.87013e-01  5.11470e-06  5.13106e-06
  0.37 -0.00001557  3.86803e-01  3.86803e-01  5.09884e-06  5.11511e-06
  0.38 -0.00001552  3.86594e-01  3.86595e-01  5.08317e-06  5.09936e-06
  0.39 -0.00001547  3.86387e-01  3.86387e-01  5.06768e-06  5.08379e-06
  0.40 -0.00001543  3.86180e-01  3.86180e-01  5.05238e-06  5.06840e-06
  0.41 -0.00001538  3.85974e-01  3.85974e-01  5.03725e-06  5.05320e-06
  0.42 -0.00001533  3.85769e-01  3.85769e-01  5.02231e-06  5.03817e-06
  0.43 -0.00001528  3.85565e-01  3.85565e-01  5.00754e-06  5.02333e-06
  0.44 -0.00001524  3.85361e-01  3.85361e-01  4.99295e-06  5.00866e-06
  0.45 -0.00001519  3.85159e-01  3.85159e-01  4.97853e-06  4.99417e-06
  0.46 -0.00001515  3.84957e-01  3.84958e-01  4.96429e-06  4.97985e-06
  0.47 -0.00001510  3.84757e-01  3.84757e-01  4.95022e-06  4.96571e-06
  0.48 -0.00001506  3.84557e-01  3.84557e-01  4.93631e-06  4.95173e-06
  0.49 -0.00001501  3.84358e-01  3.84358e-01  4.92258e-06  4.93792e-06
  0.50 -0.00001497  3.84160e-01  3.84160e-01  4.90901e-06  4.92429e-06
  0.51 -0.00001493  3.83963e-01  3.83963e-01  4.89561e-06  4.91081e-06
  0.52 -0.00001489  3.83766e-01  3.83766e-01  4.88237e-06  4.89750e-06
  0.53 -0.00001485  3.83571e-01  3.83571e-01  4.86929e-06  4.88436e-06
  0.54 -0.00001481  3.83376e-01  3.83376e-01  4.85637e-06  4.87137e-06
  0.55 -0.00001477  3.83182e-01  3.83182e-01  4.84361e-06  4.85855e-06
  0.56 -0.00001473  3.82989e-01  3.82989e-01  4.83101e-06  4.84588e-06
  0.57 -0.00001469  3.82797e-01  3.82797e-01  4.81857e-06  4.83337e-06
  0.58 -0.00001465  3.82606e-01  3.82606e-01  4.80628e-06  4.82102e-06
  0.59 -0.00001461  3.82415e-01  3.82415e-01  4.79414e-06  4.80882e-06
  0.60 -0.00001457  3.82225e-01  3.82225e-01  4.78216e-06  4.79677e-06
  0.61 -0.00001453  3.82036e-01  3.82036e-01  4.77033e-06  4.78488e-06
  0.62 -0.00001450  3.81848e-01  3.81848e-01  4.75865e-06  4.77314e-06
  0.63 -0.00001446  3.81661e-01  3.81661e-01  4.74711e-06  4.76154e-06
  0.64 -0.00001443  3.81474e-01  3.81474e-01  4.73572e-06  4.75010e-06
  0.65 -0.00001439  3.81289e-01  3.81289e-01  4.72448e-06  4.73880e-06
  0.66 -0.00001435  3.81104e-01  3.81104e-01  4.71339e-06  4.72764e-06
  0.67 -0.00001432  3.80919e-01  3.80919e-01  4.70244e-06  4.71664e-06
  0.68 -0.00001429  3.80736e-01  3.80736e-01  4.69163e-06  4.70577e-06
  0.69 -0.00001425  3.80553e-01  3.80553e-01  4.68096e-06  4.69505e-06
  0.70 -0.00001422  3.80372e-01  3.80372e-01  4.67043e-06  4.68446e-06
  0.71 -0.00001419  3.80190e-01  3.80191e-01  4.66004e-06  4.67402e-06
  0.72 -0.00001415  3.80010e-01  3.80010e-01  4.64979e-06  4.66372e-06
  0.73 -0.00001412  3.79831e-01  3.79831e-01  4.63968e-06  4.65355e-06
  0.74 -0.00001409  3.79652e-01  3.79652e-01  4.62970e-06  4.64352e-06
  0.75 -0.00001406  3.79474e-01  3.79474e-01  4.61986e-06  4.63363e-06
  0.76 -0.00001403  3.79297e-01  3.79297e-01  4.61015e-06  4.62387e-06
  0.77 -0.00001400  3.79120e-01  3.79120e-01  4.60057e-06  4.61424e-06
  0.78 -0.00001397  3.78944e-01  3.78944e-01  4.59113e-06  4.60475e-06
  0.79 -0.00001394  3.78769e-01  3.78769e-01  4.58181e-06  4.59539e-06
  0.80 -0.00001391  3.78595e-01  3.78595e-01  4.57263e-06  4.58615e-06
  0.81 -0.00001388  3.78422e-01  3.78422e-01  4.56358e-06  4.57705e-06
  0.82 -0.00001386  3.78249e-01  3.78249e-01  4.55465e-06  4.56808e-06
  0.83 -0.00001383  3.78077e-01  3.78077e-01  4.54585e-06  4.55924e-06
  0.84 -0.00001380  3.77905e-01  3.77906e-01  4.53718e-06  4.55052e-06
  0.85 -0.00001378  3.77735e-01  3.77735e-01  4.52863e-06  4.54193e-06
  0.86 -0.00001375  3.77565e-01  3.77565e-01  4.52021e-06  4.53346e-06
  0.87 -0.00001372  3.77396e-01  3.77396e-01  4.51191e-06  4.52512e-06
  0.88 -0.00001370  3.77227e-01  3.77228e-01  4.50374e-06  4.51690e-06
  0.89 -0.00001367  3.77060e-01  3.77060e-01  4.49568e-06  4.50881e-06
  0.90 -0.00001365  3.76893e-01  3.76893e-01  4.48775e-06  4.50083e-06
  0.91 -0.00001362  3.76727e-01  3.76727e-01  4.47994e-06  4.49298e-06
  0.92 -0.00001360  3.76561e-01  3.76561e-01  4.47225e-06  4.48525e-06
  0.93 -0.00001358  3.76396e-01  3.76396e-01  4.46468e-06  4.47764e-06
  0.94 -0.00001355  3.76232e-01  3.76232e-01  4.45722e-06  4.47014e-06
  0.95 -0.00001353  3.76069e-01  3.76069e-01  4.44989e-06  4.46277e-06
  0.96 -0.00001351  3.75906e-01  3.75906e-01  4.44267e-06  4.45551e-06
  0.97 -0.00001349  3.75744e-01  3.75744e-01  4.43557e-06  4.44837e-06
  0.98 -0.00001346  3.75583e-01  3.75583e-01  4.42858e-06  4.44135e-06
  0.99 -0.00001344  3.75422e-01  3.75422e-01  4.42171e-06  4.43444e-06
  1.00 -0.00001342  3.75262e-01  3.75262e-01  4.41495e-06  4.42764e-06
  1.01 -0.00001340  3.75103e-01  3.75103e-01  4.40830e-06  4.42096e-06
  1.02 -0.00001338  3.74944e-01  3.74945e-01  4.40177e-06  4.41439e-06
  1.03 -0.00001336  3.74787e-01  3.74787e-01  4.39535e-06  4.40794e-06
  1.04 -0.00001334  3.74629e-01  3.74630e-01  4.38904e-06  4.40160e-06
  1.05 -0.00001332  3.74473e-01  3.74473e-01  4.38284e-06  4.39537e-06
  1.06 -0.00001330  3.74317e-01  3.74317e-01  4.37676e-06  4.38925e-06
  1.07 -0.00001329  3.74162e-01  3.74162e-01  4.37078e-06  4.38324e-06
  1.08 -0.00001327  3.74008e-01  3.74008e-01  4.36491e-06  4.37734e-06
  1.09 -0.00001325  3.73854e-01  3.73854e-01  4.35915e-06  4.37155e-06
  1.10 -0.00001323  3.73701e-01  3.73701e-01  4.35350e-06  4.36586e-06
  1.11 -0.00001322  3.73548e-01  3.73549e-01  4.34796e-06  4.36029e-06
  1.12 -0.00001320  3.73397e-01  3.73397e-01  4.34252e-06  4.35482e-06
  1.13 -0.00001318  3.73246e-01  3.73246e-01  4.33719e-06  4.34946e-06
  1.14 -0.00001317  3.73095e-01  3.73095e-01  4.33197e-06  4.34421e-06
  1.15 -0.00001315  3.72946e-01  3.72946e-01  4.32685e-06  4.33906e-06
  1.16 -0.00001313  3.72797e-01  3.72797e-01  4.32184e-06  4.33402e-06
  1.17 -0.00001312  3.72648e-01  3.72648e-01  4.31693e-06  4.32909e-06
  1.18 -0.00001311  3.72501e-01  3.72501e-01  4.31212e-06  4.32426e-06
  1.19 -0.00001309  3.72354e-01  3.72354e-01  4.30742e-06  4.31953e-06
  1.20 -0.00001308  3.72207e-01  3.72207e-01  4.30282e-06  4.31491e-06
  1.21 -0.00001306  3.72061e-01  3.72062e-01  4.29833e-06  4.31039e-06
  1.22 -0.00001305  3.71916e-01  3.71917e-01  4.29394e-06  4.30597e-06
  1.23 -0.00001304  3.71772e-01  3.71772e-01  4.28965e-06  4.30165e-06
  1.24 -0.00001302  3.71628e-01  3.71628e-01  4.28546e-06  4.29744e-06
  1.25 -0.00001301  3.71485e-01  3.71485e-01  4.28137e-06  4.29333e-06
  1.26 -0.00001300  3.71343e-01  3.71343e-01  4.27739e-06  4.28932e-06
  1.27 -0.00001299  3.71201e-01  3.71201e-01  4.27350e-06  4.28541e-06
  1.28 -0.00001298  3.71060e-01  3.71060e-01  4.26972e-06  4.28161e-06
  1.29 -0.00001296  3.70919e-01  3.70920e-01  4.26603e-06  4.27790e-06
  1.30 -0.00001295  3.70780e-01  3.70780e-01  4.26245e-06  4.27429e-06
  1.31 -0.00001294  3.70640e-01  3.70641e-01  4.25896e-06  4.27078e-06
  1.32 -0.00001293  3.70502e-01  3.70502e-01  4.25557e-06  4.26737e-06
  1.33 -0.00001292  3.70364e-01  3.70364e-01  4.25228e-06  4.26406e-06
  1.34 -0.00001291  3.70227e-01  3.70227e-01  4.24909e-06  4.26085e-06
  1.35 -0.00001290  3.70090e-01  3.70090e-01  4.24600e-06  4.25774e-06
  1.36 -0.00001289  3.69954e-01  3.69955e-01  4.24300e-06  4.25473e-06
  1.37 -0.00001289  3.69819e-01  3.69819e-01  4.24010e-06  4.25181e-06
  1.38 -0.00001288  3.69685e-01  3.69685e-01  4.23730e-06  4.24899e-06
  1.39 -0.00001287  3.69551e-01  3.69551e-01  4.23460e-06  4.24627e-06
  1.40 -0.00001286  3.69417e-01  3.69417e-01  4.23199e-06  4.24364e-06
  1.41 -0.00001285  3.69285e-01  3.69285e-01  4.22948e-06  4.24112e-06
  1.42 -0.00001285  3.69152e-01  3.69153e-01  4.22707e-06  4.23868e-06
  1.43 -0.00001284  3.69021e-01  3.69021e-01  4.22475e-06  4.23635e-06
  1.44 -0.00001283  3.68890e-01  3.68890e-01  4.22253e-06  4.23411e-06
  1.45 -0.00001283  3.68760e-01  3.68760e-01  4.22040e-06  4.23197e-06
  1.46 -0.00001282  3.68631e-01  3.68631e-01  4.21837e-06  4.22992e-06
  1.47 -0.00001282  3.68502e-01  3.68502e-01  4.21643e-06  4.22797e-06
  1.48 -0.00001281  3.68374e-01  3.68374e-01  4.21459e-06  4.22611e-06
  1.49 -0.00001280  3.68246e-01  3.68246e-01  4.21284e-06  4.22435e-06
  1.50 -0.00001280  3.68119e-01  3.68119e-01  4.21119e-06  4.22269e-06
  1.51 -0.00001279  3.67993e-01  3.67993e-01  4.20963e-06  4.22112e-06
  1.52 -0.00001279  3.67867e-01  3.67867e-01  4.20817e-06  4.21964e-06
  1.53 -0.00001279  3.67742e-01  3.67742e-01  4.20680e-06  4.21826e-06
  1.54 -0.00001278  3.67618e-01  3.67618e-01  4.20552e-06  4.21697e-06
  1.55 -0.00001278  3.67494e-01  3.67494e-01  4.20434e-06  4.21578e-06
  1.56 -0.00001278  3.67371e-01  3.67371e-01  4.20326e-06  4.21468e-06
  1.57 -0.00001277  3.67249e-01  3.67249e-01  4.20227e-06  4.21368e-06
  1.58 -0.00001277  3.67127e-01  3.67127e-01  4.20137e-06  4.21277e-06
  1.59 -0.00001277  3.67006e-01  3.67006e-01  4.20056e-06  4.21195e-06
  1.60 -0.00001277  3.66885e-01  3.66885e-01  4.19985e-06  4.21123e-06
  1.61 -0.00001276  3.66765e-01  3.66765e-01  4.19923e-06  4.21061e-06
  1.62 -0.00001276  3.66646e-01  3.66646e-01  4.19871e-06  4.21007e-06
  1.63 -0.00001276  3.66527e-01  3.66527e-01  4.19828e-06  4.20963e-06
  1.64 -0.00001276  3.66409e-01  3.66409e-01  4.19794e-06  4.20929e-06
  1.65 -0.00001276  3.66292e-01  3.66292e-01  4.19770e-06  4.20904e-06
  1.66 -0.00001276  3.66175e-01  3.66175e-01  4.19755e-06  4.20888e-06
  1.67 -0.00001276  3.66059e-01  3.66059e-01  4.19749e-06  4.20882e-06
  1.68 -0.00001276  3.65944e-01  3.65944e-01  4.19753e-06  4.20884e-06
  1.69 -0.00001276  3.65829e-01  3.65829e-01  4.19766e-06  4.20897e-06
  1.70 -0.00001276  3.65715e-01  3.65715e-01  4.19788e-06  4.20919e-06
  1.71 -0.00001276  3.65601e-01  3.65601e-01  4.19820e-06  4.20950e-06
  1.72 -0.00001276  3.65489e-01  3.65489e-01  4.19861e-06  4.20990e-06
  1.73 -0.00001277  3.65376e-01  3.65376e-01  4.19911e-06  4.21040e-06
  1.74 -0.00001277  3.65265e-01  3.65265e-01  4.19971e-06  4.21099e-06
  1.75 -0.00001277  3.65154e-01  3.65154e-01  4.20040e-06  4.21168e-06
  1.76 -0.00001277  3.65043e-01  3.65044e-01  4.20118e-06  4.21246e-06
  1.77 -0.00001278  3.64934e-01  3.64934e-01  4.20206e-06  4.21334e-06
  1.78 -0.00001278  3.64825e-01  3.64825e-01  4.20304e-06  4.21431e-06
  1.79 -0.00001278  3.64716e-01  3.64717e-01  4.20410e-06  4.21537e-06
  1.80 -0.00001279  3.64609e-01  3.64609e-01  4.20526e-06  4.21653e-06
  1.81 -0.00001279  3.64502e-01  3.64502e-01  4.20652e-06  4.21778e-06
  1.82 -0.00001279  3.64395e-01  3.64395e-01  4.20787e-06  4.21913e-06
  1.83 -0.00001280  3.64290e-01  3.64290e-01  4.20931e-06  4.22058e-06
  1.84 -0.00001280  3.64184e-01  3.64184e-01  4.21085e-06  4.22211e-06
  1.85 -0.00001281  3.64080e-01  3.64080e-01  4.21249e-06  4.22375e-06
  1.86 -0.00001281  3.63976e-01  3.63976e-01  4.21421e-06  4.22547e-06
  1.87 -0.00001282  3.63873e-01  3.63873e-01  4.21604e-06  4.22730e-06
  1.88 -0.00001283  3.63770e-01  3.63770e-01  4.21796e-06  4.22922e-06
  1.89 -0.00001283  3.63669e-01  3.63669e-01  4.21997e-06  4.23123e-06
  1.90 -0.00001284  3.63567e-01  3.63567e-01  4.22208e-06  4.23334e-06
  1.91 -0.00001284  3.63467e-01  3.63467e-01  4.22429e-06  4.23555e-06
  1.92 -0.00001285  3.63367e-01  3.63367e-01  4.22659e-06  4.23785e-06
  1.93 -0.00001286  3.63268e-01  3.63268e-01  4.22899e-06  4.24026e-06
  1.94 -0.00001287  3.63169e-01  3.63169e-01  4.23148e-06  4.24275e-06
  1.95 -0.00001287  3.63071e-01  3.63071e-01  4.23407e-06  4.24535e-06
  1.96 -0.00001288  3.62974e-01  3.62974e-01  4.23676e-06  4.24804e-06
  1.97 -0.00001289  3.62877e-01  3.62877e-01  4.23955e-06  4.25083e-06
  1.98 -0.00001290  3.62781e-01  3.62781e-01  4.24243e-06  4.25372e-06
  1.99 -0.00001291  3.62686e-01  3.62686e-01  4.24541e-06  4.25670e-06
  2.00 -0.00001292  3.62591e-01  3.62592e-01  4.24849e-06  4.25979e-06
  2.01 -0.00001293  3.62497e-01  3.62498e-01  4.25167e-06  4.26297e-06
  2.02 -0.00001294  3.62404e-01  3.62404e-01  4.25495e-06  4.26625e-06
  2.03 -0.00001295  3.62312e-01  3.62312e-01  4.25832e-06  4.26963e-06
  2.04 -0.00001296  3.62220e-01  3.62220e-01  4.26180e-06  4.27311e-06
  2.05 -0.00001297  3.62128e-01  3.62129e-01  4.26537e-06  4.27669e-06
  2.06 -0.00001298  3.62038e-01  3.62038e-01  4.26904e-06  4.28037e-06
  2.07 -0.00001299  3.61948e-01  3.61948e-01  4.27282e-06  4.28415e-06
  2.08 -0.00001300  3.61859e-01  3.61859e-01  4.27669e-06  4.28804e-06
  2.09 -0.00001301  3.61770e-01  3.61770e-01  4.28067e-06  4.29202e-06
  2.10 -0.00001303  3.61682e-01  3.61682e-01  4.28475e-06  4.29611e-06
  2.11 -0.00001304  3.61595e-01  3.61595e-01  4.28893e-06  4.30030e-06
  2.12 -0.00001305  3.61509e-01  3.61509e-01  4.29321e-06  4.30459e-06
  2.13 -0.00001307  3.61423e-01  3.61423e-01  4.29759e-06  4.30898e-06
  2.14 -0.00001308  3.61338e-01  3.61338e-01  4.30208e-06  4.31348e-06
  2.15 -0.00001309  3.61253e-01  3.61253e-01  4.30667e-06  4.31808e-06
  2.16 -0.00001311  3.61170e-01  3.61170e-01  4.31137e-06  4.32279e-06
  2.17 -0.00001312  3.61087e-01  3.61087e-01  4.31617e-06  4.32760e-06
  2.18 -0.00001314  3.61004e-01  3.61004e-01  4.32107e-06  4.33251e-06
  2.19 -0.00001315  3.60923e-01  3.60923e-01  4.32608e-06  4.33753e-06
  2.20 -0.00001317  3.60842e-01  3.60842e-01  4.33120e-06  4.34266e-06
  2.21 -0.00001318  3.60761e-01  3.60762e-01  4.33642e-06  4.34790e-06
  2.22 -0.00001320  3.60682e-01  3.60682e-01  4.34175e-06  4.35324e-06
  2.23 -0.00001321  3.60603e-01  3.60603e-01  4.34719e-06  4.35869e-06
  2.24 -0.00001323  3.60525e-01  3.60525e-01  4.35273e-06  4.36424e-06
  2.25 -0.00001325  3.60448e-01  3.60448e-01  4.35838e-06  4.36991e-06
  2.26 -0.00001326  3.60371e-01  3.60371e-01  4.36414e-06  4.37569e-06
  2.27 -0.00001328  3.60295e-01  3.60295e-01  4.37002e-06  4.38157e-06
  2.28 -0.00001330  3.60220e-01  3.60220e-01  4.37600e-06  4.38757e-06
  2.29 -0.00001332  3.60145e-01  3.60145e-01  4.38209e-06  4.39368e-06
  2.30 -0.00001333  3.60071e-01  3.60071e-01  4.38829e-06  4.39990e-06
  2.31 -0.00001335  3.59998e-01  3.59998e-01  4.39461e-06  4.40623e-06
  2.32 -0.00001337  3.59926e-01  3.59926e-01  4.40104e-06  4.41267e-06
  2.33 -0.00001339  3.59854e-01  3.59855e-01  4.40758e-06  4.41923e-06
  2.34 -0.00001341  3.59784e-01  3.59784e-01  4.41423e-06  4.42591e-06
  2.35 -0.00001343  3.59713e-01  3.59714e-01  4.42100e-06  4.43269e-06
  2.36 -0.00001345  3.59644e-01  3.59644e-01  4.42789e-06  4.43960e-06
  2.37 -0.00001347  3.59575e-01  3.59576e-01  4.43489e-06  4.44662e-06
  2.38 -0.00001349  3.59508e-01  3.59508e-01  4.44201e-06  4.45375e-06
  2.39 -0.00001351  3.59440e-01  3.59441e-01  4.44924e-06  4.46101e-06
  2.40 -0.00001353  3.59374e-01  3.59374e-01  4.45660e-06  4.46838e-06
  2.41 -0.00001356  3.59308e-01  3.59309e-01  4.46407e-06  4.47587e-06
  2.42 -0.00001358  3.59244e-01  3.59244e-01  4.47166e-06  4.48349e-06
  2.43 -0.00001360  3.59179e-01  3.59180e-01  4.47937e-06  4.49122e-06
  2.44 -0.00001362  3.59116e-01  3.59116e-01  4.48720e-06  4.49907e-06
  2.45 -0.00001365  3.59054e-01  3.59054e-01  4.49516e-06  4.50705e-06
  2.46 -0.00001367  3.58992e-01  3.58992e-01  4.50324e-06  4.51515e-06
  2.47 -0.00001369  3.58931e-01  3.58931e-01  4.51144e-06  4.52337e-06
  2.48 -0.00001372  3.58871e-01  3.58871e-01  4.51976e-06  4.53172e-06
  2.49 -0.00001374  3.58811e-01  3.58811e-01  4.52822e-06  4.54020e-06
  2.50 -0.00001377  3.58753e-01  3.58753e-01  4.53679e-06  4.54880e-06
  2.51 -0.00001379  3.58695e-01  3.58695e-01  4.54550e-06  4.55753e-06
  2.52 -0.00001382  3.58638e-01  3.58638e-01  4.55433e-06  4.56639e-06
  2.53 -0.00001384  3.58581e-01  3.58581e-01  4.56329e-06  4.57537e-06
  2.54 -0.00001387  3.58526e-01  3.58526e-01  4.57238e-06  4.58449e-06
  2.55 -0.00001390  3.58471e-01  3.58471e-01  4.58161e-06  4.59374e-06
  2.56 -0.00001392  3.58417e-01  3.58417e-01  4.59096e-06  4.60312e-06
  2.57 -0.00001395  3.58364e-01  3.58364e-01  4.60045e-06  4.61264e-06
  2.58 -0.00001398  3.58312e-01  3.58312e-01  4.61007e-06  4.62228e-06
  2.59 -0.00001401  3.58261e-01  3.58261e-01  4.61982e-06  4.63207e-06
  2.60 -0.00001404  3.58210e-01  3.58210e-01  4.62971e-06  4.64199e-06
  2.61 -0.00001406  3.58161e-01  3.58161e-01  4.63974e-06  4.65204e-06
  2.62 -0.00001409  3.58112e-01  3.58112e-01  4.64991e-06  4.66224e-06
  2.63 -0.00001412  3.58064e-01  3.58064e-01  4.66021e-06  4.67257e-06
  2.64 -0.00001415  3.58016e-01  3.58017e-01  4.67066e-06  4.68305e-06
  2.65 -0.00001418  3.57970e-01  3.57970e-01  4.68124e-06  4.69367e-06
  2.66 -0.00001422  3.57925e-01  3.57925e-01  4.69197e-06  4.70443e-06
  2.67 -0.00001425  3.57880e-01  3.57880e-01  4.70285e-06  4.71533e-06
  2.68 -0.00001428  3.57836e-01  3.57836e-01  4.71386e-06  4.72638e-06
  2.69 -0.00001431  3.57793e-01  3.57793e-01  4.72503e-06  4.73758e-06
  2.70 -0.00001434  3.57751e-01  3.57751e-01  4.73634e-06  4.74893e-06
  2.71 -0.00001438  3.57710e-01  3.57710e-01  4.74780e-06  4.76042e-06
  2.72 -0.00001441  3.57670e-01  3.57670e-01  4.75941e-06  4.77206e-06
  2.73 -0.00001444  3.57631e-01  3.57631e-01  4.77117e-06  4.78386e-06
  2.74 -0.00001448  3.57592e-01  3.57592e-01  4.78308e-06  4.79581e-06
  2.75 -0.00001451  3.57555e-01  3.57555e-01  4.79515e-06  4.80791e-06
  2.76 -0.00001455  3.57518e-01  3.57518e-01  4.80737e-06  4.82017e-06
  2.77 -0.00001458  3.57482e-01  3.57482e-01  4.81974e-06  4.83258e-06
  2.78 -0.00001462  3.57447e-01  3.57448e-01  4.83228e-06  4.84516e-06
  2.79 -0.00001465  3.57414e-01  3.57414e-01  4.84498e-06  4.85789e-06
  2.80 -0.00001469  3.57381e-01  3.57381e-01  4.85783e-06  4.87079e-06
  2.81 -0.00001473  3.57349e-01  3.57349e-01  4.87085e-06  4.88384e-06
  2.82 -0.00001476  3.57318e-01  3.57318e-01  4.88403e-06  4.89706e-06
  2.83 -0.00001480  3.57287e-01  3.57288e-01  4.89738e-06  4.91045e-06
  2.84 -0.00001484  3.57258e-01  3.57258e-01  4.91089e-06  4.92401e-06
  2.85 -0.00001488  3.57230e-01  3.57230e-01  4.92457e-06  4.93773e-06
  2.86 -0.00001492  3.57203e-01  3.57203e-01  4.93843e-06  4.95163e-06
  2.87 -0.00001496  3.57177e-01  3.57177e-01  4.95245e-06  4.96569e-06
  2.88 -0.00001500  3.57151e-01  3.57151e-01  4.96665e-06  4.97993e-06
  2.89 -0.00001504  3.57127e-01  3.57127e-01  4.98102e-06  4.99435e-06
  2.90 -0.00001508  3.57104e-01  3.57104e-01  4.99557e-06  5.00894e-06
  2.91 -0.00001512  3.57081e-01  3.57081e-01  5.01030e-06  5.02372e-06
  2.92 -0.00001516  3.57060e-01  3.57060e-01  5.02520e-06  5.03867e-06
  2.93 -0.00001521  3.57040e-01  3.57040e-01  5.04029e-06  5.05381e-06
  2.94 -0.00001525  3.57020e-01  3.57021e-01  5.05556e-06  5.06913e-06
  2.95 -0.00001529  3.57002e-01  3.57002e-01  5.07102e-06  5.08463e-06
  2.96 -0.00001534  3.56985e-01  3.56985e-01  5.08667e-06  5.10033e-06
  2.97 -0.00001538  3.56969e-01  3.56969e-01  5.10250e-06  5.11621e-06
  2.98 -0.00001543  3.56954e-01  3.56954e-01  5.11853e-06  5.13229e-06
  2.99 -0.00001547  3.56940e-01  3.56940e-01  5.13475e-06  5.14856e-06
