# E-Efermi, percentage polarization,Tuu,Tdd,Tdu,Tud 
 -2.00 -0.00000303  3.36774e-01  3.36774e-01  1.16646e-06  1.16487e-06
 -1.99 -0.00000303  3.36701e-01  3.36701e-01  1.16450e-06  1.16295e-06
 -1.98 -0.00000303  3.36628e-01  3.36628e-01  1.16256e-06  1.16105e-06
 -1.97 -0.00000303  3.36554e-01  3.36554e-01  1.16063e-06  1.15917e-06
 -1.96 -0.00000303  3.36480e-01  3.36480e-01  1.15873e-06  1.15730e-06
 -1.95 -0.00000303  3.36407e-01  3.36407e-01  1.15684e-06  1.15546e-06
 -1.94 -0.00000303  3.36333e-01  3.36333e-01  1.15497e-06  1.15363e-06
 -1.93 -0.00000302  3.36259e-01  3.36259e-01  1.15312e-06  1.15182e-06
 -1.92 -0.00000302  3.36184e-01  3.36184e-01  1.15129e-06  1.15003e-06
 -1.91 -0.00000302  3.36110e-01  3.36110e-01  1.14948e-06  1.14825e-06
 -1.90 -0.00000302  3.36035e-01  3.36035e-01  1.14768e-06  1.14649e-06
 -1.89 -0.00000302  3.35961e-01  3.35961e-01  1.14590e-06  1.14475e-06
 -1.88 -0.00000302  3.35886e-01  3.35886e-01  1.14414e-06  1.14303e-06
 -1.87 -0.00000302  3.35811e-01  3.35811e-01  1.14240e-06  1.14132e-06
 -1.86 -0.00000302  3.35735e-01  3.35735e-01  1.14067e-06  1.13964e-06
 -1.85 -0.00000301  3.35660e-01  3.35660e-01  1.13896e-06  1.13796e-06
 -1.84 -0.00000301  3.35585e-01  3.35585e-01  1.13727e-06  1.13631e-06
 -1.83 -0.00000301  3.35509e-01  3.35509e-01  1.13560e-06  1.13467e-06
 -1.82 -0.00000301  3.35433e-01  3.35433e-01  1.13394e-06  1.13305e-06
 -1.81 -0.00000301  3.35357e-01  3.35357e-01  1.13230e-06  1.13144e-06
 -1.80 -0.00000301  3.35281e-01  3.35281e-01  1.13067e-06  1.12985e-06
 -1.79 -0.00000301  3.35205e-01  3.35205e-01  1.12906e-06  1.12828e-06
 -1.78 -0.00000300  3.35129e-01  3.35129e-01  1.12747e-06  1.12672e-06
 -1.77 -0.00000300  3.35052e-01  3.35052e-01  1.12589e-06  1.12518e-06
 -1.76 -0.00000300  3.34975e-01  3.34975e-01  1.12433e-06  1.12365e-06
 -1.75 -0.00000300  3.34899e-01  3.34899e-01  1.12279e-06  1.12214e-06
 -1.74 -0.00000300  3.34822e-01  3.34822e-01  1.12126e-06  1.12065e-06
 -1.73 -0.00000300  3.34745e-01  3.34745e-01  1.11975e-06  1.11917e-06
 -1.72 -0.00000300  3.34667e-01  3.34667e-01  1.11825e-06  1.11770e-06
 -1.71 -0.00000300  3.34590e-01  3.34590e-01  1.11677e-06  1.11626e-06
 -1.70 -0.00000299  3.34513e-01  3.34513e-01  1.11530e-06  1.11482e-06
 -1.69 -0.00000299  3.34435e-01  3.34435e-01  1.11385e-06  1.11340e-06
 -1.68 -0.00000299  3.34357e-01  3.34357e-01  1.11241e-06  1.11200e-06
 -1.67 -0.00000299  3.34279e-01  3.34279e-01  1.11099e-06  1.11061e-06
 -1.66 -0.00000299  3.34201e-01  3.34201e-01  1.10959e-06  1.10924e-06
 -1.65 -0.00000299  3.34123e-01  3.34123e-01  1.10819e-06  1.10788e-06
 -1.64 -0.00000299  3.34045e-01  3.34045e-01  1.10682e-06  1.10654e-06
 -1.63 -0.00000299  3.33966e-01  3.33966e-01  1.10546e-06  1.10521e-06
 -1.62 -0.00000298  3.33888e-01  3.33888e-01  1.10411e-06  1.10389e-06
 -1.61 -0.00000298  3.33809e-01  3.33809e-01  1.10278e-06  1.10259e-06
 -1.60 -0.00000298  3.33730e-01  3.33730e-01  1.10146e-06  1.10130e-06
 -1.59 -0.00000298  3.33651e-01  3.33651e-01  1.10016e-06  1.10003e-06
 -1.58 -0.00000298  3.33572e-01  3.33572e-01  1.09887e-06  1.09877e-06
 -1.57 -0.00000298  3.33493e-01  3.33493e-01  1.09759e-06  1.09752e-06
 -1.56 -0.00000298  3.33414e-01  3.33414e-01  1.09633e-06  1.09629e-06
 -1.55 -0.00000298  3.33334e-01  3.33334e-01  1.09508e-06  1.09508e-06
 -1.54 -0.00000298  3.33254e-01  3.33254e-01  1.09385e-06  1.09387e-06
 -1.53 -0.00000297  3.33175e-01  3.33175e-01  1.09263e-06  1.09268e-06
 -1.52 -0.00000297  3.33095e-01  3.33095e-01  1.09142e-06  1.09150e-06
 -1.51 -0.00000297  3.33015e-01  3.33015e-01  1.09023e-06  1.09034e-06
 -1.50 -0.00000297  3.32935e-01  3.32935e-01  1.08905e-06  1.08919e-06
 -1.49 -0.00000297  3.32855e-01  3.32855e-01  1.08789e-06  1.08805e-06
 -1.48 -0.00000297  3.32774e-01  3.32774e-01  1.08673e-06  1.08693e-06
 -1.47 -0.00000297  3.32694e-01  3.32694e-01  1.08559e-06  1.08582e-06
 -1.46 -0.00000297  3.32613e-01  3.32613e-01  1.08447e-06  1.08472e-06
 -1.45 -0.00000296  3.32533e-01  3.32533e-01  1.08336e-06  1.08364e-06
 -1.44 -0.00000296  3.32452e-01  3.32452e-01  1.08226e-06  1.08256e-06
 -1.43 -0.00000296  3.32371e-01  3.32371e-01  1.08117e-06  1.08150e-06
 -1.42 -0.00000296  3.32290e-01  3.32290e-01  1.08010e-06  1.08046e-06
 -1.41 -0.00000296  3.32209e-01  3.32209e-01  1.07904e-06  1.07942e-06
 -1.40 -0.00000296  3.32127e-01  3.32127e-01  1.07799e-06  1.07840e-06
 -1.39 -0.00000296  3.32046e-01  3.32046e-01  1.07695e-06  1.07739e-06
 -1.38 -0.00000296  3.31965e-01  3.31965e-01  1.07593e-06  1.07640e-06
 -1.37 -0.00000296  3.31883e-01  3.31883e-01  1.07492e-06  1.07541e-06
 -1.36 -0.00000295  3.31801e-01  3.31801e-01  1.07392e-06  1.07444e-06
 -1.35 -0.00000295  3.31719e-01  3.31719e-01  1.07293e-06  1.07348e-06
 -1.34 -0.00000295  3.31637e-01  3.31637e-01  1.07196e-06  1.07253e-06
 -1.33 -0.00000295  3.31555e-01  3.31555e-01  1.07100e-06  1.07160e-06
 -1.32 -0.00000295  3.31473e-01  3.31473e-01  1.07005e-06  1.07067e-06
 -1.31 -0.00000295  3.31391e-01  3.31391e-01  1.06911e-06  1.06976e-06
 -1.30 -0.00000295  3.31309e-01  3.31309e-01  1.06819e-06  1.06886e-06
 -1.29 -0.00000295  3.31226e-01  3.31226e-01  1.06728e-06  1.06797e-06
 -1.28 -0.00000295  3.31144e-01  3.31144e-01  1.06637e-06  1.06709e-06
 -1.27 -0.00000295  3.31061e-01  3.31061e-01  1.06548e-06  1.06623e-06
 -1.26 -0.00000294  3.30978e-01  3.30978e-01  1.06461e-06  1.06538e-06
 -1.25 -0.00000294  3.30895e-01  3.30895e-01  1.06374e-06  1.06453e-06
 -1.24 -0.00000294  3.30812e-01  3.30812e-01  1.06289e-06  1.06370e-06
 -1.23 -0.00000294  3.30729e-01  3.30729e-01  1.06204e-06  1.06288e-06
 -1.22 -0.00000294  3.30646e-01  3.30646e-01  1.06121e-06  1.06208e-06
 -1.21 -0.00000294  3.30563e-01  3.30563e-01  1.06039e-06  1.06128e-06
 -1.20 -0.00000294  3.30480e-01  3.30480e-01  1.05958e-06  1.06049e-06
 -1.19 -0.00000294  3.30396e-01  3.30396e-01  1.05879e-06  1.05972e-06
 -1.18 -0.00000294  3.30313e-01  3.30313e-01  1.05800e-06  1.05896e-06
 -1.17 -0.00000293  3.30229e-01  3.30229e-01  1.05723e-06  1.05820e-06
 -1.16 -0.00000293  3.30145e-01  3.30145e-01  1.05646e-06  1.05746e-06
 -1.15 -0.00000293  3.30061e-01  3.30061e-01  1.05571e-06  1.05673e-06
 -1.14 -0.00000293  3.29978e-01  3.29978e-01  1.05497e-06  1.05601e-06
 -1.13 -0.00000293  3.29894e-01  3.29894e-01  1.05424e-06  1.05530e-06
 -1.12 -0.00000293  3.29809e-01  3.29809e-01  1.05352e-06  1.05461e-06
 -1.11 -0.00000293  3.29725e-01  3.29725e-01  1.05281e-06  1.05392e-06
 -1.10 -0.00000293  3.29641e-01  3.29641e-01  1.05211e-06  1.05324e-06
 -1.09 -0.00000293  3.29557e-01  3.29557e-01  1.05142e-06  1.05258e-06
 -1.08 -0.00000293  3.29472e-01  3.29472e-01  1.05075e-06  1.05192e-06
 -1.07 -0.00000292  3.29388e-01  3.29388e-01  1.05008e-06  1.05127e-06
 -1.06 -0.00000292  3.29303e-01  3.29303e-01  1.04943e-06  1.05064e-06
 -1.05 -0.00000292  3.29218e-01  3.29218e-01  1.04878e-06  1.05002e-06
 -1.04 -0.00000292  3.29134e-01  3.29134e-01  1.04815e-06  1.04940e-06
 -1.03 -0.00000292  3.29049e-01  3.29049e-01  1.04752e-06  1.04880e-06
 -1.02 -0.00000292  3.28964e-01  3.28964e-01  1.04691e-06  1.04820e-06
 -1.01 -0.00000292  3.28879e-01  3.28879e-01  1.04631e-06  1.04762e-06
 -1.00 -0.00000292  3.28794e-01  3.28794e-01  1.04571e-06  1.04705e-06
 -0.99 -0.00000292  3.28708e-01  3.28709e-01  1.04513e-06  1.04648e-06
 -0.98 -0.00000292  3.28623e-01  3.28623e-01  1.04456e-06  1.04593e-06
 -0.97 -0.00000292  3.28538e-01  3.28538e-01  1.04400e-06  1.04539e-06
 -0.96 -0.00000291  3.28453e-01  3.28453e-01  1.04344e-06  1.04485e-06
 -0.95 -0.00000291  3.28367e-01  3.28367e-01  1.04290e-06  1.04433e-06
 -0.94 -0.00000291  3.28281e-01  3.28281e-01  1.04237e-06  1.04382e-06
 -0.93 -0.00000291  3.28196e-01  3.28196e-01  1.04185e-06  1.04331e-06
 -0.92 -0.00000291  3.28110e-01  3.28110e-01  1.04133e-06  1.04282e-06
 -0.91 -0.00000291  3.28024e-01  3.28024e-01  1.04083e-06  1.04234e-06
 -0.90 -0.00000291  3.27939e-01  3.27939e-01  1.04034e-06  1.04186e-06
 -0.89 -0.00000291  3.27853e-01  3.27853e-01  1.03986e-06  1.04140e-06
 -0.88 -0.00000291  3.27767e-01  3.27767e-01  1.03938e-06  1.04094e-06
 -0.87 -0.00000291  3.27681e-01  3.27681e-01  1.03892e-06  1.04050e-06
 -0.86 -0.00000291  3.27595e-01  3.27595e-01  1.03847e-06  1.04006e-06
 -0.85 -0.00000290  3.27508e-01  3.27508e-01  1.03802e-06  1.03963e-06
 -0.84 -0.00000290  3.27422e-01  3.27422e-01  1.03759e-06  1.03921e-06
 -0.83 -0.00000290  3.27336e-01  3.27336e-01  1.03716e-06  1.03881e-06
 -0.82 -0.00000290  3.27249e-01  3.27249e-01  1.03675e-06  1.03841e-06
 -0.81 -0.00000290  3.27163e-01  3.27163e-01  1.03634e-06  1.03802e-06
 -0.80 -0.00000290  3.27076e-01  3.27076e-01  1.03594e-06  1.03764e-06
 -0.79 -0.00000290  3.26990e-01  3.26990e-01  1.03555e-06  1.03727e-06
 -0.78 -0.00000290  3.26903e-01  3.26903e-01  1.03518e-06  1.03691e-06
 -0.77 -0.00000290  3.26817e-01  3.26817e-01  1.03481e-06  1.03655e-06
 -0.76 -0.00000290  3.26730e-01  3.26730e-01  1.03445e-06  1.03621e-06
 -0.75 -0.00000290  3.26643e-01  3.26643e-01  1.03410e-06  1.03588e-06
 -0.74 -0.00000290  3.26556e-01  3.26556e-01  1.03376e-06  1.03555e-06
 -0.73 -0.00000289  3.26469e-01  3.26469e-01  1.03342e-06  1.03523e-06
 -0.72 -0.00000289  3.26382e-01  3.26382e-01  1.03310e-06  1.03493e-06
 -0.71 -0.00000289  3.26295e-01  3.26295e-01  1.03279e-06  1.03463e-06
 -0.70 -0.00000289  3.26208e-01  3.26208e-01  1.03248e-06  1.03434e-06
 -0.69 -0.00000289  3.26121e-01  3.26121e-01  1.03219e-06  1.03406e-06
 -0.68 -0.00000289  3.26034e-01  3.26034e-01  1.03190e-06  1.03379e-06
 -0.67 -0.00000289  3.25947e-01  3.25947e-01  1.03162e-06  1.03352e-06
 -0.66 -0.00000289  3.25859e-01  3.25860e-01  1.03135e-06  1.03327e-06
 -0.65 -0.00000289  3.25772e-01  3.25772e-01  1.03109e-06  1.03303e-06
 -0.64 -0.00000289  3.25685e-01  3.25685e-01  1.03084e-06  1.03279e-06
 -0.63 -0.00000289  3.25597e-01  3.25597e-01  1.03060e-06  1.03256e-06
 -0.62 -0.00000289  3.25510e-01  3.25510e-01  1.03037e-06  1.03234e-06
 -0.61 -0.00000288  3.25422e-01  3.25422e-01  1.03014e-06  1.03213e-06
 -0.60 -0.00000288  3.25335e-01  3.25335e-01  1.02993e-06  1.03193e-06
 -0.59 -0.00000288  3.25247e-01  3.25247e-01  1.02972e-06  1.03174e-06
 -0.58 -0.00000288  3.25160e-01  3.25160e-01  1.02952e-06  1.03155e-06
 -0.57 -0.00000288  3.25072e-01  3.25072e-01  1.02933e-06  1.03137e-06
 -0.56 -0.00000288  3.24984e-01  3.24984e-01  1.02915e-06  1.03121e-06
 -0.55 -0.00000288  3.24896e-01  3.24896e-01  1.02897e-06  1.03105e-06
 -0.54 -0.00000288  3.24809e-01  3.24809e-01  1.02881e-06  1.03090e-06
 -0.53 -0.00000288  3.24721e-01  3.24721e-01  1.02865e-06  1.03075e-06
 -0.52 -0.00000288  3.24633e-01  3.24633e-01  1.02851e-06  1.03062e-06
 -0.51 -0.00000288  3.24545e-01  3.24545e-01  1.02837e-06  1.03049e-06
 -0.50 -0.00000288  3.24457e-01  3.24457e-01  1.02824e-06  1.03037e-06
 -0.49 -0.00000288  3.24369e-01  3.24369e-01  1.02811e-06  1.03027e-06
 -0.48 -0.00000287  3.24281e-01  3.24281e-01  1.02800e-06  1.03016e-06
 -0.47 -0.00000287  3.24193e-01  3.24193e-01  1.02789e-06  1.03007e-06
 -0.46 -0.00000287  3.24105e-01  3.24105e-01  1.02780e-06  1.02999e-06
 -0.45 -0.00000287  3.24017e-01  3.24017e-01  1.02771e-06  1.02991e-06
 -0.44 -0.00000287  3.23929e-01  3.23929e-01  1.02763e-06  1.02984e-06
 -0.43 -0.00000287  3.23840e-01  3.23840e-01  1.02756e-06  1.02978e-06
 -0.42 -0.00000287  3.23752e-01  3.23752e-01  1.02749e-06  1.02973e-06
 -0.41 -0.00000287  3.23664e-01  3.23664e-01  1.02744e-06  1.02969e-06
 -0.40 -0.00000287  3.23576e-01  3.23576e-01  1.02739e-06  1.02965e-06
 -0.39 -0.00000287  3.23487e-01  3.23487e-01  1.02735e-06  1.02962e-06
 -0.38 -0.00000287  3.23399e-01  3.23399e-01  1.02732e-06  1.02960e-06
 -0.37 -0.00000287  3.23311e-01  3.23311e-01  1.02729e-06  1.02959e-06
 -0.36 -0.00000287  3.23222e-01  3.23222e-01  1.02728e-06  1.02959e-06
 -0.35 -0.00000286  3.23134e-01  3.23134e-01  1.02727e-06  1.02959e-06
 -0.34 -0.00000286  3.23045e-01  3.23045e-01  1.02727e-06  1.02960e-06
 -0.33 -0.00000286  3.22957e-01  3.22957e-01  1.02728e-06  1.02962e-06
 -0.32 -0.00000286  3.22868e-01  3.22868e-01  1.02730e-06  1.02965e-06
 -0.31 -0.00000286  3.22780e-01  3.22780e-01  1.02732e-06  1.02968e-06
 -0.30 -0.00000286  3.22691e-01  3.22691e-01  1.02736e-06  1.02973e-06
 -0.29 -0.00000286  3.22603e-01  3.22603e-01  1.02740e-06  1.02978e-06
 -0.28 -0.00000286  3.22514e-01  3.22514e-01  1.02745e-06  1.02984e-06
 -0.27 -0.00000286  3.22426e-01  3.22426e-01  1.02750e-06  1.02990e-06
 -0.26 -0.00000286  3.22337e-01  3.22337e-01  1.02757e-06  1.02998e-06
 -0.25 -0.00000286  3.22249e-01  3.22249e-01  1.02764e-06  1.03006e-06
 -0.24 -0.00000286  3.22160e-01  3.22160e-01  1.02772e-06  1.03015e-06
 -0.23 -0.00000286  3.22071e-01  3.22071e-01  1.02781e-06  1.03025e-06
 -0.22 -0.00000286  3.21983e-01  3.21983e-01  1.02790e-06  1.03036e-06
 -0.21 -0.00000285  3.21894e-01  3.21894e-01  1.02801e-06  1.03047e-06
 -0.20 -0.00000285  3.21805e-01  3.21805e-01  1.02812e-06  1.03059e-06
 -0.19 -0.00000285  3.21717e-01  3.21717e-01  1.02824e-06  1.03072e-06
 -0.18 -0.00000285  3.21628e-01  3.21628e-01  1.02836e-06  1.03085e-06
 -0.17 -0.00000285  3.21539e-01  3.21539e-01  1.02850e-06  1.03100e-06
 -0.16 -0.00000285  3.21451e-01  3.21451e-01  1.02864e-06  1.03115e-06
 -0.15 -0.00000285  3.21362e-01  3.21362e-01  1.02879e-06  1.03131e-06
 -0.14 -0.00000285  3.21273e-01  3.21273e-01  1.02895e-06  1.03147e-06
 -0.13 -0.00000285  3.21185e-01  3.21185e-01  1.02911e-06  1.03165e-06
 -0.12 -0.00000285  3.21096e-01  3.21096e-01  1.02929e-06  1.03183e-06
 -0.11 -0.00000285  3.21007e-01  3.21007e-01  1.02947e-06  1.03202e-06
 -0.10 -0.00000285  3.20918e-01  3.20918e-01  1.02965e-06  1.03222e-06
 -0.09 -0.00000285  3.20830e-01  3.20830e-01  1.02985e-06  1.03242e-06
 -0.08 -0.00000285  3.20741e-01  3.20741e-01  1.03005e-06  1.03263e-06
 -0.07 -0.00000285  3.20652e-01  3.20652e-01  1.03026e-06  1.03285e-06
 -0.06 -0.00000284  3.20563e-01  3.20563e-01  1.03048e-06  1.03308e-06
 -0.05 -0.00000284  3.20475e-01  3.20475e-01  1.03071e-06  1.03331e-06
 -0.04 -0.00000284  3.20386e-01  3.20386e-01  1.03094e-06  1.03355e-06
 -0.03 -0.00000284  3.20297e-01  3.20297e-01  1.03118e-06  1.03380e-06
 -0.02 -0.00000284  3.20208e-01  3.20208e-01  1.03143e-06  1.03406e-06
 -0.01 -0.00000284  3.20120e-01  3.20120e-01  1.03169e-06  1.03432e-06
  0.00 -0.00000284  3.20031e-01  3.20031e-01  1.03195e-06  1.03459e-06
  0.01 -0.00000284  3.19942e-01  3.19942e-01  1.03222e-06  1.03487e-06
  0.02 -0.00000284  3.19854e-01  3.19854e-01  1.03250e-06  1.03515e-06
  0.03 -0.00000284  3.19765e-01  3.19765e-01  1.03278e-06  1.03545e-06
  0.04 -0.00000284  3.19676e-01  3.19676e-01  1.03308e-06  1.03575e-06
  0.05 -0.00000284  3.19587e-01  3.19587e-01  1.03338e-06  1.03605e-06
  0.06 -0.00000284  3.19499e-01  3.19499e-01  1.03368e-06  1.03637e-06
  0.07 -0.00000284  3.19410e-01  3.19410e-01  1.03400e-06  1.03669e-06
  0.08 -0.00000284  3.19321e-01  3.19321e-01  1.03432e-06  1.03702e-06
  0.09 -0.00000283  3.19233e-01  3.19233e-01  1.03465e-06  1.03736e-06
  0.10 -0.00000283  3.19144e-01  3.19144e-01  1.03499e-06  1.03770e-06
  0.11 -0.00000283  3.19055e-01  3.19056e-01  1.03533e-06  1.03805e-06
  0.12 -0.00000283  3.18967e-01  3.18967e-01  1.03569e-06  1.03841e-06
  0.13 -0.00000283  3.18878e-01  3.18878e-01  1.03605e-06  1.03877e-06
  0.14 -0.00000283  3.18790e-01  3.18790e-01  1.03641e-06  1.03915e-06
  0.15 -0.00000283  3.18701e-01  3.18701e-01  1.03679e-06  1.03953e-06
  0.16 -0.00000283  3.18613e-01  3.18613e-01  1.03717e-06  1.03991e-06
  0.17 -0.00000283  3.18524e-01  3.18524e-01  1.03756e-06  1.04031e-06
  0.18 -0.00000283  3.18436e-01  3.18436e-01  1.03795e-06  1.04071e-06
  0.19 -0.00000283  3.18347e-01  3.18347e-01  1.03835e-06  1.04112e-06
  0.20 -0.00000283  3.18259e-01  3.18259e-01  1.03876e-06  1.04153e-06
  0.21 -0.00000283  3.18170e-01  3.18170e-01  1.03918e-06  1.04196e-06
  0.22 -0.00000283  3.18082e-01  3.18082e-01  1.03961e-06  1.04239e-06
  0.23 -0.00000283  3.17993e-01  3.17993e-01  1.04004e-06  1.04282e-06
  0.24 -0.00000282  3.17905e-01  3.17905e-01  1.04048e-06  1.04327e-06
  0.25 -0.00000282  3.17817e-01  3.17817e-01  1.04092e-06  1.04372e-06
  0.26 -0.00000282  3.17728e-01  3.17728e-01  1.04138e-06  1.04418e-06
  0.27 -0.00000282  3.17640e-01  3.17640e-01  1.04184e-06  1.04464e-06
  0.28 -0.00000282  3.17552e-01  3.17552e-01  1.04231e-06  1.04512e-06
  0.29 -0.00000282  3.17463e-01  3.17463e-01  1.04278e-06  1.04560e-06
  0.30 -0.00000282  3.17375e-01  3.17375e-01  1.04326e-06  1.04608e-06
  0.31 -0.00000282  3.17287e-01  3.17287e-01  1.04375e-06  1.04658e-06
  0.32 -0.00000282  3.17199e-01  3.17199e-01  1.04425e-06  1.04708e-06
  0.33 -0.00000282  3.17111e-01  3.17111e-01  1.04475e-06  1.04759e-06
  0.34 -0.00000282  3.17023e-01  3.17023e-01  1.04527e-06  1.04810e-06
  0.35 -0.00000282  3.16934e-01  3.16934e-01  1.04578e-06  1.04862e-06
  0.36 -0.00000282  3.16846e-01  3.16846e-01  1.04631e-06  1.04915e-06
  0.37 -0.00000282  3.16758e-01  3.16758e-01  1.04684e-06  1.04969e-06
  0.38 -0.00000282  3.16670e-01  3.16670e-01  1.04738e-06  1.05023e-06
  0.39 -0.00000281  3.16582e-01  3.16583e-01  1.04793e-06  1.05078e-06
  0.40 -0.00000281  3.16495e-01  3.16495e-01  1.04848e-06  1.05134e-06
  0.41 -0.00000281  3.16407e-01  3.16407e-01  1.04904e-06  1.05191e-06
  0.42 -0.00000281  3.16319e-01  3.16319e-01  1.04961e-06  1.05248e-06
  0.43 -0.00000281  3.16231e-01  3.16231e-01  1.05019e-06  1.05306e-06
  0.44 -0.00000281  3.16143e-01  3.16143e-01  1.05077e-06  1.05364e-06
  0.45 -0.00000281  3.16056e-01  3.16056e-01  1.05136e-06  1.05424e-06
  0.46 -0.00000281  3.15968e-01  3.15968e-01  1.05196e-06  1.05483e-06
  0.47 -0.00000281  3.15880e-01  3.15880e-01  1.05256e-06  1.05544e-06
  0.48 -0.00000281  3.15793e-01  3.15793e-01  1.05317e-06  1.05606e-06
  0.49 -0.00000281  3.15705e-01  3.15705e-01  1.05379e-06  1.05668e-06
  0.50 -0.00000281  3.15618e-01  3.15618e-01  1.05441e-06  1.05730e-06
  0.51 -0.00000281  3.15530e-01  3.15530e-01  1.05505e-06  1.05794e-06
  0.52 -0.00000281  3.15443e-01  3.15443e-01  1.05569e-06  1.05858e-06
  0.53 -0.00000281  3.15355e-01  3.15355e-01  1.05633e-06  1.05923e-06
  0.54 -0.00000280  3.15268e-01  3.15268e-01  1.05699e-06  1.05989e-06
  0.55 -0.00000280  3.15181e-01  3.15181e-01  1.05765e-06  1.06055e-06
  0.56 -0.00000280  3.15094e-01  3.15094e-01  1.05831e-06  1.06122e-06
  0.57 -0.00000280  3.15006e-01  3.15006e-01  1.05899e-06  1.06190e-06
  0.58 -0.00000280  3.14919e-01  3.14919e-01  1.05967e-06  1.06258e-06
  0.59 -0.00000280  3.14832e-01  3.14832e-01  1.06036e-06  1.06327e-06
  0.60 -0.00000280  3.14745e-01  3.14745e-01  1.06106e-06  1.06397e-06
  0.61 -0.00000280  3.14658e-01  3.14658e-01  1.06176e-06  1.06467e-06
  0.62 -0.00000280  3.14571e-01  3.14571e-01  1.06247e-06  1.06539e-06
  0.63 -0.00000280  3.14484e-01  3.14484e-01  1.06319e-06  1.06610e-06
  0.64 -0.00000280  3.14397e-01  3.14397e-01  1.06391e-06  1.06683e-06
  0.65 -0.00000280  3.14311e-01  3.14311e-01  1.06464e-06  1.06756e-06
  0.66 -0.00000280  3.14224e-01  3.14224e-01  1.06538e-06  1.06830e-06
  0.67 -0.00000280  3.14137e-01  3.14137e-01  1.06613e-06  1.06905e-06
  0.68 -0.00000279  3.14051e-01  3.14051e-01  1.06688e-06  1.06980e-06
  0.69 -0.00000279  3.13964e-01  3.13964e-01  1.06764e-06  1.07057e-06
  0.70 -0.00000279  3.13878e-01  3.13878e-01  1.06841e-06  1.07133e-06
  0.71 -0.00000279  3.13791e-01  3.13791e-01  1.06918e-06  1.07211e-06
  0.72 -0.00000279  3.13705e-01  3.13705e-01  1.06996e-06  1.07289e-06
  0.73 -0.00000279  3.13619e-01  3.13619e-01  1.07075e-06  1.07368e-06
  0.74 -0.00000279  3.13532e-01  3.13532e-01  1.07155e-06  1.07448e-06
  0.75 -0.00000279  3.13446e-01  3.13446e-01  1.07235e-06  1.07528e-06
  0.76 -0.00000279  3.13360e-01  3.13360e-01  1.07316e-06  1.07609e-06
  0.77 -0.00000279  3.13274e-01  3.13274e-01  1.07398e-06  1.07691e-06
  0.78 -0.00000279  3.13188e-01  3.13188e-01  1.07480e-06  1.07773e-06
  0.79 -0.00000279  3.13102e-01  3.13102e-01  1.07563e-06  1.07856e-06
  0.80 -0.00000279  3.13016e-01  3.13016e-01  1.07647e-06  1.07940e-06
  0.81 -0.00000279  3.12930e-01  3.12930e-01  1.07732e-06  1.08024e-06
  0.82 -0.00000278  3.12845e-01  3.12845e-01  1.07817e-06  1.08110e-06
  0.83 -0.00000278  3.12759e-01  3.12759e-01  1.07903e-06  1.08196e-06
  0.84 -0.00000278  3.12673e-01  3.12673e-01  1.07989e-06  1.08282e-06
  0.85 -0.00000278  3.12588e-01  3.12588e-01  1.08077e-06  1.08370e-06
  0.86 -0.00000278  3.12502e-01  3.12502e-01  1.08165e-06  1.08458e-06
  0.87 -0.00000278  3.12417e-01  3.12417e-01  1.08254e-06  1.08546e-06
  0.88 -0.00000278  3.12332e-01  3.12332e-01  1.08343e-06  1.08636e-06
  0.89 -0.00000278  3.12246e-01  3.12246e-01  1.08434e-06  1.08726e-06
  0.90 -0.00000278  3.12161e-01  3.12161e-01  1.08525e-06  1.08817e-06
  0.91 -0.00000278  3.12076e-01  3.12076e-01  1.08616e-06  1.08909e-06
  0.92 -0.00000278  3.11991e-01  3.11991e-01  1.08709e-06  1.09001e-06
  0.93 -0.00000278  3.11906e-01  3.11906e-01  1.08802e-06  1.09094e-06
  0.94 -0.00000277  3.11821e-01  3.11821e-01  1.08896e-06  1.09188e-06
  0.95 -0.00000277  3.11736e-01  3.11736e-01  1.08990e-06  1.09282e-06
  0.96 -0.00000277  3.11652e-01  3.11652e-01  1.09085e-06  1.09377e-06
  0.97 -0.00000277  3.11567e-01  3.11567e-01  1.09181e-06  1.09473e-06
  0.98 -0.00000277  3.11482e-01  3.11483e-01  1.09278e-06  1.09570e-06
  0.99 -0.00000277  3.11398e-01  3.11398e-01  1.09376e-06  1.09667e-06
  1.00 -0.00000277  3.11314e-01  3.11314e-01  1.09474e-06  1.09765e-06
  1.01 -0.00000277  3.11229e-01  3.11229e-01  1.09573e-06  1.09864e-06
  1.02 -0.00000277  3.11145e-01  3.11145e-01  1.09672e-06  1.09963e-06
  1.03 -0.00000277  3.11061e-01  3.11061e-01  1.09773e-06  1.10063e-06
  1.04 -0.00000277  3.10977e-01  3.10977e-01  1.09874e-06  1.10164e-06
  1.05 -0.00000277  3.10893e-01  3.10893e-01  1.09975e-06  1.10266e-06
  1.06 -0.00000276  3.10809e-01  3.10809e-01  1.10078e-06  1.10368e-06
  1.07 -0.00000276  3.10725e-01  3.10725e-01  1.10181e-06  1.10471e-06
  1.08 -0.00000276  3.10641e-01  3.10641e-01  1.10285e-06  1.10575e-06
  1.09 -0.00000276  3.10558e-01  3.10558e-01  1.10390e-06  1.10679e-06
  1.10 -0.00000276  3.10474e-01  3.10474e-01  1.10495e-06  1.10784e-06
  1.11 -0.00000276  3.10391e-01  3.10391e-01  1.10601e-06  1.10890e-06
  1.12 -0.00000276  3.10307e-01  3.10307e-01  1.10708e-06  1.10997e-06
  1.13 -0.00000276  3.10224e-01  3.10224e-01  1.10816e-06  1.11104e-06
  1.14 -0.00000276  3.10141e-01  3.10141e-01  1.10924e-06  1.11212e-06
  1.15 -0.00000276  3.10057e-01  3.10057e-01  1.11033e-06  1.11321e-06
  1.16 -0.00000276  3.09974e-01  3.09974e-01  1.11143e-06  1.11430e-06
  1.17 -0.00000276  3.09891e-01  3.09891e-01  1.11254e-06  1.11541e-06
  1.18 -0.00000275  3.09809e-01  3.09809e-01  1.11365e-06  1.11652e-06
  1.19 -0.00000275  3.09726e-01  3.09726e-01  1.11477e-06  1.11763e-06
  1.20 -0.00000275  3.09643e-01  3.09643e-01  1.11590e-06  1.11876e-06
  1.21 -0.00000275  3.09561e-01  3.09561e-01  1.11704e-06  1.11989e-06
  1.22 -0.00000275  3.09478e-01  3.09478e-01  1.11818e-06  1.12103e-06
  1.23 -0.00000275  3.09396e-01  3.09396e-01  1.11933e-06  1.12217e-06
  1.24 -0.00000275  3.09313e-01  3.09313e-01  1.12049e-06  1.12333e-06
  1.25 -0.00000275  3.09231e-01  3.09231e-01  1.12165e-06  1.12449e-06
  1.26 -0.00000275  3.09149e-01  3.09149e-01  1.12282e-06  1.12566e-06
  1.27 -0.00000275  3.09067e-01  3.09067e-01  1.12400e-06  1.12683e-06
  1.28 -0.00000274  3.08985e-01  3.08985e-01  1.12519e-06  1.12802e-06
  1.29 -0.00000274  3.08903e-01  3.08903e-01  1.12638e-06  1.12921e-06
  1.30 -0.00000274  3.08822e-01  3.08822e-01  1.12759e-06  1.13040e-06
  1.31 -0.00000274  3.08740e-01  3.08740e-01  1.12880e-06  1.13161e-06
  1.32 -0.00000274  3.08659e-01  3.08659e-01  1.13001e-06  1.13282e-06
  1.33 -0.00000274  3.08577e-01  3.08577e-01  1.13124e-06  1.13404e-06
  1.34 -0.00000274  3.08496e-01  3.08496e-01  1.13247e-06  1.13527e-06
  1.35 -0.00000274  3.08415e-01  3.08415e-01  1.13371e-06  1.13651e-06
  1.36 -0.00000274  3.08334e-01  3.08334e-01  1.13496e-06  1.13775e-06
  1.37 -0.00000274  3.08253e-01  3.08253e-01  1.13621e-06  1.13900e-06
  1.38 -0.00000273  3.08172e-01  3.08172e-01  1.13748e-06  1.14026e-06
  1.39 -0.00000273  3.08091e-01  3.08091e-01  1.13875e-06  1.14152e-06
  1.40 -0.00000273  3.08010e-01  3.08010e-01  1.14003e-06  1.14279e-06
  1.41 -0.00000273  3.07930e-01  3.07930e-01  1.14131e-06  1.14407e-06
  1.42 -0.00000273  3.07850e-01  3.07850e-01  1.14260e-06  1.14536e-06
  1.43 -0.00000273  3.07769e-01  3.07769e-01  1.14391e-06  1.14666e-06
  1.44 -0.00000273  3.07689e-01  3.07689e-01  1.14521e-06  1.14796e-06
  1.45 -0.00000273  3.07609e-01  3.07609e-01  1.14653e-06  1.14927e-06
  1.46 -0.00000273  3.07529e-01  3.07529e-01  1.14785e-06  1.15059e-06
  1.47 -0.00000272  3.07449e-01  3.07449e-01  1.14919e-06  1.15191e-06
  1.48 -0.00000272  3.07369e-01  3.07369e-01  1.15053e-06  1.15325e-06
  1.49 -0.00000272  3.07290e-01  3.07290e-01  1.15187e-06  1.15459e-06
  1.50 -0.00000272  3.07210e-01  3.07210e-01  1.15323e-06  1.15594e-06
  1.51 -0.00000272  3.07131e-01  3.07131e-01  1.15459e-06  1.15729e-06
  1.52 -0.00000272  3.07051e-01  3.07051e-01  1.15596e-06  1.15866e-06
  1.53 -0.00000272  3.06972e-01  3.06972e-01  1.15734e-06  1.16003e-06
  1.54 -0.00000272  3.06893e-01  3.06893e-01  1.15873e-06  1.16141e-06
  1.55 -0.00000271  3.06814e-01  3.06814e-01  1.16012e-06  1.16280e-06
  1.56 -0.00000271  3.06735e-01  3.06735e-01  1.16152e-06  1.16419e-06
  1.57 -0.00000271  3.06657e-01  3.06657e-01  1.16293e-06  1.16559e-06
  1.58 -0.00000271  3.06578e-01  3.06578e-01  1.16435e-06  1.16700e-06
  1.59 -0.00000271  3.06500e-01  3.06500e-01  1.16578e-06  1.16842e-06
  1.60 -0.00000271  3.06421e-01  3.06421e-01  1.16721e-06  1.16985e-06
  1.61 -0.00000271  3.06343e-01  3.06343e-01  1.16865e-06  1.17128e-06
  1.62 -0.00000271  3.06265e-01  3.06265e-01  1.17010e-06  1.17273e-06
  1.63 -0.00000270  3.06187e-01  3.06187e-01  1.17156e-06  1.17418e-06
  1.64 -0.00000270  3.06109e-01  3.06109e-01  1.17302e-06  1.17563e-06
  1.65 -0.00000270  3.06031e-01  3.06031e-01  1.17450e-06  1.17710e-06
  1.66 -0.00000270  3.05954e-01  3.05954e-01  1.17598e-06  1.17857e-06
  1.67 -0.00000270  3.05876e-01  3.05876e-01  1.17747e-06  1.18005e-06
  1.68 -0.00000270  3.05799e-01  3.05799e-01  1.17897e-06  1.18154e-06
  1.69 -0.00000270  3.05722e-01  3.05722e-01  1.18047e-06  1.18304e-06
  1.70 -0.00000270  3.05645e-01  3.05645e-01  1.18199e-06  1.18455e-06
  1.71 -0.00000269  3.05568e-01  3.05568e-01  1.18351e-06  1.18606e-06
  1.72 -0.00000269  3.05491e-01  3.05491e-01  1.18504e-06  1.18758e-06
  1.73 -0.00000269  3.05414e-01  3.05414e-01  1.18658e-06  1.18911e-06
  1.74 -0.00000269  3.05337e-01  3.05337e-01  1.18812e-06  1.19065e-06
  1.75 -0.00000269  3.05261e-01  3.05261e-01  1.18968e-06  1.19220e-06
  1.76 -0.00000269  3.05185e-01  3.05185e-01  1.19124e-06  1.19375e-06
  1.77 -0.00000269  3.05109e-01  3.05109e-01  1.19281e-06  1.19531e-06
  1.78 -0.00000268  3.05032e-01  3.05033e-01  1.19439e-06  1.19688e-06
  1.79 -0.00000268  3.04957e-01  3.04957e-01  1.19598e-06  1.19846e-06
  1.80 -0.00000268  3.04881e-01  3.04881e-01  1.19757e-06  1.20005e-06
  1.81 -0.00000268  3.04805e-01  3.04805e-01  1.19918e-06  1.20164e-06
  1.82 -0.00000268  3.04730e-01  3.04730e-01  1.20079e-06  1.20324e-06
  1.83 -0.00000268  3.04654e-01  3.04654e-01  1.20241e-06  1.20486e-06
  1.84 -0.00000267  3.04579e-01  3.04579e-01  1.20404e-06  1.20648e-06
  1.85 -0.00000267  3.04504e-01  3.04504e-01  1.20568e-06  1.20810e-06
  1.86 -0.00000267  3.04429e-01  3.04429e-01  1.20732e-06  1.20974e-06
  1.87 -0.00000267  3.04354e-01  3.04354e-01  1.20898e-06  1.21138e-06
  1.88 -0.00000267  3.04280e-01  3.04280e-01  1.21064e-06  1.21304e-06
  1.89 -0.00000267  3.04205e-01  3.04205e-01  1.21231e-06  1.21470e-06
  1.90 -0.00000267  3.04131e-01  3.04131e-01  1.21399e-06  1.21637e-06
  1.91 -0.00000266  3.04056e-01  3.04056e-01  1.21568e-06  1.21805e-06
  1.92 -0.00000266  3.03982e-01  3.03982e-01  1.21738e-06  1.21973e-06
  1.93 -0.00000266  3.03908e-01  3.03908e-01  1.21909e-06  1.22143e-06
  1.94 -0.00000266  3.03835e-01  3.03835e-01  1.22080e-06  1.22313e-06
  1.95 -0.00000266  3.03761e-01  3.03761e-01  1.22252e-06  1.22484e-06
  1.96 -0.00000266  3.03687e-01  3.03687e-01  1.22425e-06  1.22656e-06
  1.97 -0.00000265  3.03614e-01  3.03614e-01  1.22599e-06  1.22829e-06
  1.98 -0.00000265  3.03541e-01  3.03541e-01  1.22774e-06  1.23003e-06
  1.99 -0.00000265  3.03468e-01  3.03468e-01  1.22950e-06  1.23178e-06
  2.00 -0.00000265  3.03395e-01  3.03395e-01  1.23127e-06  1.23353e-06
  2.01 -0.00000265  3.03322e-01  3.03322e-01  1.23304e-06  1.23530e-06
  2.02 -0.00000265  3.03250e-01  3.03250e-01  1.23483e-06  1.23707e-06
  2.03 -0.00000264  3.03177e-01  3.03177e-01  1.23662e-06  1.23885e-06
  2.04 -0.00000264  3.03105e-01  3.03105e-01  1.23842e-06  1.24064e-06
  2.05 -0.00000264  3.03033e-01  3.03033e-01  1.24023e-06  1.24244e-06
  2.06 -0.00000264  3.02961e-01  3.02961e-01  1.24205e-06  1.24425e-06
  2.07 -0.00000264  3.02889e-01  3.02889e-01  1.24388e-06  1.24606e-06
  2.08 -0.00000263  3.02817e-01  3.02817e-01  1.24572e-06  1.24789e-06
  2.09 -0.00000263  3.02746e-01  3.02746e-01  1.24756e-06  1.24972e-06
  2.10 -0.00000263  3.02674e-01  3.02674e-01  1.24942e-06  1.25156e-06
  2.11 -0.00000263  3.02603e-01  3.02603e-01  1.25128e-06  1.25341e-06
  2.12 -0.00000263  3.02532e-01  3.02532e-01  1.25316e-06  1.25527e-06
  2.13 -0.00000262  3.02461e-01  3.02461e-01  1.25504e-06  1.25714e-06
  2.14 -0.00000262  3.02390e-01  3.02390e-01  1.25693e-06  1.25902e-06
  2.15 -0.00000262  3.02320e-01  3.02320e-01  1.25883e-06  1.26091e-06
  2.16 -0.00000262  3.02249e-01  3.02249e-01  1.26074e-06  1.26281e-06
  2.17 -0.00000262  3.02179e-01  3.02179e-01  1.26266e-06  1.26471e-06
  2.18 -0.00000261  3.02109e-01  3.02109e-01  1.26459e-06  1.26663e-06
  2.19 -0.00000261  3.02039e-01  3.02039e-01  1.26652e-06  1.26855e-06
  2.20 -0.00000261  3.01969e-01  3.01969e-01  1.26847e-06  1.27048e-06
  2.21 -0.00000261  3.01899e-01  3.01899e-01  1.27043e-06  1.27243e-06
  2.22 -0.00000261  3.01830e-01  3.01830e-01  1.27239e-06  1.27438e-06
  2.23 -0.00000260  3.01761e-01  3.01761e-01  1.27437e-06  1.27634e-06
  2.24 -0.00000260  3.01692e-01  3.01692e-01  1.27635e-06  1.27831e-06
  2.25 -0.00000260  3.01623e-01  3.01623e-01  1.27834e-06  1.28029e-06
  2.26 -0.00000260  3.01554e-01  3.01554e-01  1.28035e-06  1.28228e-06
  2.27 -0.00000260  3.01485e-01  3.01485e-01  1.28236e-06  1.28427e-06
  2.28 -0.00000259  3.01417e-01  3.01417e-01  1.28438e-06  1.28628e-06
  2.29 -0.00000259  3.01349e-01  3.01349e-01  1.28641e-06  1.28830e-06
  2.30 -0.00000259  3.01280e-01  3.01280e-01  1.28845e-06  1.29032e-06
  2.31 -0.00000259  3.01213e-01  3.01213e-01  1.29050e-06  1.29236e-06
  2.32 -0.00000258  3.01145e-01  3.01145e-01  1.29256e-06  1.29440e-06
  2.33 -0.00000258  3.01077e-01  3.01077e-01  1.29463e-06  1.29646e-06
  2.34 -0.00000258  3.01010e-01  3.01010e-01  1.29671e-06  1.29852e-06
  2.35 -0.00000258  3.00943e-01  3.00943e-01  1.29880e-06  1.30059e-06
  2.36 -0.00000258  3.00875e-01  3.00876e-01  1.30090e-06  1.30268e-06
  2.37 -0.00000257  3.00809e-01  3.00809e-01  1.30301e-06  1.30477e-06
  2.38 -0.00000257  3.00742e-01  3.00742e-01  1.30513e-06  1.30687e-06
  2.39 -0.00000257  3.00675e-01  3.00675e-01  1.30725e-06  1.30899e-06
  2.40 -0.00000257  3.00609e-01  3.00609e-01  1.30939e-06  1.31111e-06
  2.41 -0.00000256  3.00543e-01  3.00543e-01  1.31154e-06  1.31324e-06
  2.42 -0.00000256  3.00477e-01  3.00477e-01  1.31370e-06  1.31538e-06
  2.43 -0.00000256  3.00411e-01  3.00411e-01  1.31587e-06  1.31753e-06
  2.44 -0.00000256  3.00345e-01  3.00345e-01  1.31804e-06  1.31969e-06
  2.45 -0.00000255  3.00280e-01  3.00280e-01  1.32023e-06  1.32186e-06
  2.46 -0.00000255  3.00215e-01  3.00215e-01  1.32243e-06  1.32405e-06
  2.47 -0.00000255  3.00150e-01  3.00150e-01  1.32464e-06  1.32624e-06
  2.48 -0.00000255  3.00085e-01  3.00085e-01  1.32686e-06  1.32844e-06
  2.49 -0.00000254  3.00020e-01  3.00020e-01  1.32908e-06  1.33065e-06
  2.50 -0.00000254  2.99955e-01  2.99955e-01  1.33132e-06  1.33287e-06
  2.51 -0.00000254  2.99891e-01  2.99891e-01  1.33357e-06  1.33510e-06
  2.52 -0.00000253  2.99827e-01  2.99827e-01  1.33583e-06  1.33734e-06
  2.53 -0.00000253  2.99763e-01  2.99763e-01  1.33810e-06  1.33959e-06
  2.54 -0.00000253  2.99699e-01  2.99699e-01  1.34038e-06  1.34186e-06
  2.55 -0.00000253  2.99636e-01  2.99636e-01  1.34267e-06  1.34413e-06
  2.56 -0.00000252  2.99572e-01  2.99572e-01  1.34497e-06  1.34641e-06
  2.57 -0.00000252  2.99509e-01  2.99509e-01  1.34728e-06  1.34870e-06
  2.58 -0.00000252  2.99446e-01  2.99446e-01  1.34960e-06  1.35101e-06
  2.59 -0.00000252  2.99383e-01  2.99383e-01  1.35193e-06  1.35332e-06
  2.60 -0.00000251  2.99321e-01  2.99321e-01  1.35428e-06  1.35564e-06
  2.61 -0.00000251  2.99258e-01  2.99258e-01  1.35663e-06  1.35798e-06
  2.62 -0.00000251  2.99196e-01  2.99196e-01  1.35899e-06  1.36032e-06
  2.63 -0.00000250  2.99134e-01  2.99134e-01  1.36137e-06  1.36268e-06
  2.64 -0.00000250  2.99072e-01  2.99072e-01  1.36375e-06  1.36504e-06
  2.65 -0.00000250  2.99010e-01  2.99010e-01  1.36615e-06  1.36742e-06
  2.66 -0.00000249  2.98949e-01  2.98949e-01  1.36856e-06  1.36981e-06
  2.67 -0.00000249  2.98888e-01  2.98888e-01  1.37097e-06  1.37221e-06
  2.68 -0.00000249  2.98827e-01  2.98827e-01  1.37340e-06  1.37462e-06
  2.69 -0.00000249  2.98766e-01  2.98766e-01  1.37584e-06  1.37703e-06
  2.70 -0.00000248  2.98705e-01  2.98705e-01  1.37829e-06  1.37946e-06
  2.71 -0.00000248  2.98645e-01  2.98645e-01  1.38075e-06  1.38191e-06
  2.72 -0.00000248  2.98584e-01  2.98584e-01  1.38323e-06  1.38436e-06
  2.73 -0.00000247  2.98524e-01  2.98524e-01  1.38571e-06  1.38682e-06
  2.74 -0.00000247  2.98465e-01  2.98465e-01  1.38820e-06  1.38929e-06
  2.75 -0.00000247  2.98405e-01  2.98405e-01  1.39071e-06  1.39178e-06
  2.76 -0.00000246  2.98346e-01  2.98346e-01  1.39323e-06  1.39428e-06
  2.77 -0.00000246  2.98286e-01  2.98286e-01  1.39576e-06  1.39678e-06
  2.78 -0.00000246  2.98227e-01  2.98227e-01  1.39829e-06  1.39930e-06
  2.79 -0.00000245  2.98169e-01  2.98169e-01  1.40085e-06  1.40183e-06
  2.80 -0.00000245  2.98110e-01  2.98110e-01  1.40341e-06  1.40437e-06
  2.81 -0.00000245  2.98052e-01  2.98052e-01  1.40598e-06  1.40692e-06
  2.82 -0.00000244  2.97993e-01  2.97993e-01  1.40857e-06  1.40949e-06
  2.83 -0.00000244  2.97935e-01  2.97935e-01  1.41116e-06  1.41206e-06
  2.84 -0.00000244  2.97878e-01  2.97878e-01  1.41377e-06  1.41465e-06
  2.85 -0.00000243  2.97820e-01  2.97820e-01  1.41639e-06  1.41724e-06
  2.86 -0.00000243  2.97763e-01  2.97763e-01  1.41902e-06  1.41985e-06
  2.87 -0.00000243  2.97706e-01  2.97706e-01  1.42166e-06  1.42247e-06
  2.88 -0.00000242  2.97649e-01  2.97649e-01  1.42432e-06  1.42510e-06
  2.89 -0.00000242  2.97592e-01  2.97592e-01  1.42698e-06  1.42775e-06
  2.90 -0.00000242  2.97536e-01  2.97536e-01  1.42966e-06  1.43040e-06
  2.91 -0.00000241  2.97479e-01  2.97480e-01  1.43235e-06  1.43307e-06
  2.92 -0.00000241  2.97423e-01  2.97423e-01  1.43505e-06  1.43575e-06
  2.93 -0.00000240  2.97368e-01  2.97368e-01  1.43777e-06  1.43844e-06
  2.94 -0.00000240  2.97312e-01  2.97312e-01  1.44049e-06  1.44114e-06
  2.95 -0.00000240  2.97257e-01  2.97257e-01  1.44323e-06  1.44385e-06
  2.96 -0.00000239  2.97202e-01  2.97202e-01  1.44598e-06  1.44658e-06
  2.97 -0.00000239  2.97147e-01  2.97147e-01  1.44874e-06  1.44932e-06
  2.98 -0.00000238  2.97092e-01  2.97092e-01  1.45152e-06  1.45207e-06
  2.99 -0.00000238  2.97038e-01  2.97038e-01  1.45430e-06  1.45483e-06
